# Moment      
# CofR        : (-1.000000e+01 0.000000e+00 0.000000e+00)
#
# Time        	total_x total_y total_z	pressure_x pressure_y pressure_z	viscous_x viscous_y viscous_z
1              -7.327582e-01 -2.760252e+02 1.625996e+01 -7.328046e-01 -2.760531e+02 1.625482e+01 4.639079e-05 2.793663e-02 5.142258e-03
2              -1.977672e-01 -6.706795e+01 5.103432e+00 -1.999057e-01 -6.814244e+01 5.116680e+00 2.138465e-03 1.074489e+00 -1.324795e-02
3              4.148369e-02 7.171787e+01 3.545233e+01 3.764827e-02 7.035018e+01 3.559167e+01 3.835416e-03 1.367688e+00 -1.393397e-01
4              -2.159160e-01 2.152494e+02 1.204161e+02 -2.189412e-01 2.143931e+02 1.205573e+02 3.025162e-03 8.562530e-01 -1.411886e-01
5              1.157281e+00 1.399445e+02 -9.164378e+01 1.156199e+00 1.390704e+02 -9.177313e+01 1.082312e-03 8.741233e-01 1.293581e-01
6              -3.819239e-01 5.588871e+01 8.867088e+01 -3.838870e-01 5.507913e+01 8.864377e+01 1.963052e-03 8.095781e-01 2.711048e-02
7              2.860806e-01 2.677894e+01 -1.576417e+01 2.832667e-01 2.616665e+01 -1.559597e+01 2.813970e-03 6.122897e-01 -1.681966e-01
8              -3.242152e-01 2.029849e+01 6.523502e+01 -3.270909e-01 1.989988e+01 6.542709e+01 2.875695e-03 3.986053e-01 -1.920685e-01
9              3.302633e-01 3.793991e+01 -2.701022e+01 3.275617e-01 3.762106e+01 -2.683905e+01 2.701582e-03 3.188546e-01 -1.711707e-01
10             -7.143009e-02 5.212864e+01 2.895696e+01 -7.074962e-02 5.172483e+01 2.860160e+01 -6.804661e-04 4.038008e-01 3.553581e-01
11             2.077168e-01 6.686306e+01 -6.696108e+00 2.049559e-01 6.666141e+01 -6.591502e+00 2.760985e-03 2.016557e-01 -1.046061e-01
12             1.890107e-01 6.926809e+01 -5.469429e-01 1.861923e-01 6.903841e+01 -4.323723e-01 2.818390e-03 2.296819e-01 -1.145707e-01
13             2.796274e-01 6.845368e+01 -1.328766e+01 2.755950e-01 6.810304e+01 -1.294667e+01 4.032461e-03 3.506483e-01 -3.409910e-01
14             2.277239e-01 5.970233e+01 -9.478026e+00 2.247192e-01 5.932632e+01 -9.194218e+00 3.004728e-03 3.760145e-01 -2.838079e-01
15             2.320811e-01 4.641892e+01 -1.570907e+01 2.297667e-01 4.616274e+01 -1.545246e+01 2.314363e-03 2.561787e-01 -2.566125e-01
16             1.867170e-01 3.511389e+01 -1.405393e+01 1.853980e-01 3.490903e+01 -1.389356e+01 1.318959e-03 2.048635e-01 -1.603654e-01
17             1.594908e-01 2.681262e+01 -1.362975e+01 1.584196e-01 2.669644e+01 -1.347778e+01 1.071229e-03 1.161811e-01 -1.519739e-01
18             1.655411e-01 2.222320e+01 -1.655762e+01 1.644728e-01 2.207476e+01 -1.639752e+01 1.068320e-03 1.484385e-01 -1.601057e-01
19             1.355726e-01 1.972292e+01 -1.472589e+01 1.351215e-01 1.959744e+01 -1.461928e+01 4.510705e-04 1.254832e-01 -1.066101e-01
20             1.495066e-01 1.839497e+01 -1.849437e+01 1.485906e-01 1.824614e+01 -1.830820e+01 9.159872e-04 1.488328e-01 -1.861734e-01
21             1.241630e-01 1.595263e+01 -1.662411e+01 1.240484e-01 1.580854e+01 -1.653399e+01 1.145870e-04 1.440878e-01 -9.011643e-02
22             1.205574e-01 1.116691e+01 -1.742921e+01 1.196638e-01 1.106060e+01 -1.723672e+01 8.935454e-04 1.063101e-01 -1.924939e-01
23             8.897709e-02 5.348299e+00 -1.434529e+01 8.871362e-02 5.262726e+00 -1.423224e+01 2.634659e-04 8.557327e-02 -1.130538e-01
24             7.450278e-02 -1.178211e-01 -1.322171e+01 7.393117e-02 -1.692405e-01 -1.306006e+01 5.716132e-04 5.141939e-02 -1.616503e-01
25             4.523966e-02 -4.254357e+00 -9.471026e+00 4.506150e-02 -4.273021e+00 -9.359627e+00 1.781556e-04 1.866440e-02 -1.113983e-01
26             3.432499e-02 -7.216336e+00 -7.687232e+00 3.383187e-02 -7.219816e+00 -7.522398e+00 4.931259e-04 3.479783e-03 -1.648344e-01
27             8.647809e-03 -8.582817e+00 -3.528214e+00 8.579059e-03 -8.571098e+00 -3.415339e+00 6.875017e-05 -1.171937e-02 -1.128747e-01
28             1.082744e-03 -9.160238e+00 -1.785280e+00 6.405541e-04 -9.140650e+00 -1.618355e+00 4.421897e-04 -1.958865e-02 -1.669254e-01
29             -1.553830e-02 -9.165101e+00 1.074484e+00 -1.572134e-02 -9.131382e+00 1.197426e+00 1.830388e-04 -3.371932e-02 -1.229422e-01
30             -1.986207e-02 -9.209696e+00 2.014958e+00 -2.009828e-02 -9.190676e+00 2.135396e+00 2.362146e-04 -1.902023e-02 -1.204383e-01
31             -3.121481e-02 -9.320416e+00 3.701607e+00 -3.120094e-02 -9.284566e+00 3.771352e+00 -1.386852e-05 -3.585007e-02 -6.974504e-02
32             -3.409874e-02 -9.200496e+00 4.208602e+00 -3.419850e-02 -9.175360e+00 4.277623e+00 9.976344e-05 -2.513598e-02 -6.902109e-02
33             -3.921490e-02 -8.810480e+00 5.005629e+00 -3.909270e-02 -8.781816e+00 5.027370e+00 -1.222055e-04 -2.866395e-02 -2.174129e-02
34             -3.635568e-02 -8.132359e+00 4.685808e+00 -3.632066e-02 -8.115410e+00 4.705271e+00 -3.501346e-05 -1.694886e-02 -1.946324e-02
35             -3.533514e-02 -7.537746e+00 4.492309e+00 -3.520910e-02 -7.521684e+00 4.485962e+00 -1.260397e-04 -1.606231e-02 6.346365e-03
36             -3.225821e-02 -7.248409e+00 3.853102e+00 -3.216916e-02 -7.238451e+00 3.843132e+00 -8.904688e-05 -9.957815e-03 9.970276e-03
37             -3.059093e-02 -7.275870e+00 3.235905e+00 -3.043976e-02 -7.266836e+00 3.213124e+00 -1.511738e-04 -9.034564e-03 2.278045e-02
38             -2.805973e-02 -7.465730e+00 2.453312e+00 -2.790132e-02 -7.456857e+00 2.428701e+00 -1.584061e-04 -8.873028e-03 2.461135e-02
39             -2.626876e-02 -7.672130e+00 1.821322e+00 -2.606523e-02 -7.659316e+00 1.789766e+00 -2.035340e-04 -1.281365e-02 3.155580e-02
40             -2.388450e-02 -7.822805e+00 1.202669e+00 -2.367799e-02 -7.807625e+00 1.172751e+00 -2.065067e-04 -1.517997e-02 2.991813e-02
41             -2.193572e-02 -7.928137e+00 7.132868e-01 -2.169810e-02 -7.906914e+00 6.808019e-01 -2.376121e-04 -2.122321e-02 3.248490e-02
42             -1.977743e-02 -7.973851e+00 2.434621e-01 -1.954523e-02 -7.949704e+00 2.138724e-01 -2.322041e-04 -2.414719e-02 2.958966e-02
43             -1.811095e-02 -7.949077e+00 -1.126615e-01 -1.786786e-02 -7.918951e+00 -1.419313e-01 -2.430933e-04 -3.012552e-02 2.926980e-02
44             -1.645873e-02 -7.852261e+00 -4.197706e-01 -1.622140e-02 -7.819759e+00 -4.467955e-01 -2.373265e-04 -3.250201e-02 2.702483e-02
45             -1.509051e-02 -7.689446e+00 -6.419833e-01 -1.486043e-02 -7.651759e+00 -6.669304e-01 -2.300825e-04 -3.768713e-02 2.494713e-02
46             -1.380627e-02 -7.440476e+00 -7.985828e-01 -1.358886e-02 -7.400809e+00 -8.208926e-01 -2.174080e-04 -3.966779e-02 2.230983e-02
47             -1.269337e-02 -7.093052e+00 -8.711760e-01 -1.248868e-02 -7.050024e+00 -8.913211e-01 -2.046834e-04 -4.302833e-02 2.014516e-02
48             -1.158310e-02 -6.634051e+00 -8.798993e-01 -1.139332e-02 -6.590085e+00 -8.977555e-01 -1.897773e-04 -4.396583e-02 1.785615e-02
49             -1.051490e-02 -6.098006e+00 -8.402826e-01 -1.033780e-02 -6.053462e+00 -8.565938e-01 -1.770977e-04 -4.454373e-02 1.631116e-02
50             -9.346352e-03 -5.471974e+00 -7.623226e-01 -9.183612e-03 -5.428711e+00 -7.769391e-01 -1.627406e-04 -4.326309e-02 1.461648e-02
51             -8.211669e-03 -4.848283e+00 -6.819179e-01 -8.061220e-03 -4.806732e+00 -6.948518e-01 -1.504482e-04 -4.155100e-02 1.293397e-02
52             -7.104530e-03 -4.258624e+00 -6.088800e-01 -6.967041e-03 -4.220108e+00 -6.199136e-01 -1.374896e-04 -3.851566e-02 1.103363e-02
53             -6.158857e-03 -3.751385e+00 -5.443531e-01 -6.032667e-03 -3.715560e+00 -5.536480e-01 -1.261904e-04 -3.582467e-02 9.294894e-03
54             -5.464438e-03 -3.385738e+00 -5.044895e-01 -5.347895e-03 -3.353054e+00 -5.122306e-01 -1.165435e-04 -3.268356e-02 7.741126e-03
55             -5.056367e-03 -3.134703e+00 -4.714322e-01 -4.946999e-03 -3.104026e+00 -4.778222e-01 -1.093681e-04 -3.067727e-02 6.389941e-03
56             -5.082808e-03 -3.056280e+00 -4.380273e-01 -4.979258e-03 -3.027297e+00 -4.428265e-01 -1.035494e-04 -2.898302e-02 4.799279e-03
57             -5.503086e-03 -3.100204e+00 -3.907680e-01 -5.400212e-03 -3.071979e+00 -3.943259e-01 -1.028744e-04 -2.822494e-02 3.557889e-03
58             -6.203575e-03 -3.226842e+00 -3.331032e-01 -6.099336e-03 -3.198508e+00 -3.354307e-01 -1.042385e-04 -2.833314e-02 2.327434e-03
59             -7.101939e-03 -3.403543e+00 -2.667708e-01 -6.991841e-03 -3.374293e+00 -2.683597e-01 -1.100982e-04 -2.925017e-02 1.588824e-03
60             -8.062999e-03 -3.603922e+00 -2.001700e-01 -7.946837e-03 -3.572923e+00 -2.009430e-01 -1.161618e-04 -3.099973e-02 7.729730e-04
61             -8.985941e-03 -3.800810e+00 -1.369300e-01 -8.861583e-03 -3.767664e+00 -1.372438e-01 -1.243584e-04 -3.314600e-02 3.137569e-04
62             -9.762324e-03 -3.954223e+00 -7.556000e-02 -9.630851e-03 -3.918734e+00 -7.536819e-02 -1.314722e-04 -3.548832e-02 -1.918177e-04
63             -1.029269e-02 -4.030563e+00 -1.783094e-02 -1.015499e-02 -3.993117e+00 -1.741343e-02 -1.377021e-04 -3.744575e-02 -4.175113e-04
64             -1.052118e-02 -4.006868e+00 3.644198e-02 -1.037989e-02 -3.968162e+00 3.711047e-02 -1.412905e-04 -3.870579e-02 -6.684808e-04
65             -1.043552e-02 -3.886708e+00 8.132394e-02 -1.029152e-02 -3.847643e+00 8.176041e-02 -1.439956e-04 -3.906524e-02 -4.364626e-04
66             -1.005580e-02 -3.690804e+00 1.125416e-01 -9.917781e-03 -3.652180e+00 1.133880e-01 -1.380197e-04 -3.862402e-02 -8.463697e-04
67             -9.513861e-03 -3.449587e+00 1.342268e-01 -9.382551e-03 -3.412756e+00 1.350053e-01 -1.313104e-04 -3.683050e-02 -7.784852e-04
68             -8.935062e-03 -3.210862e+00 1.453840e-01 -8.814007e-03 -3.176200e+00 1.461698e-01 -1.210546e-04 -3.466224e-02 -7.857613e-04
69             -8.460387e-03 -3.020726e+00 1.503171e-01 -8.351007e-03 -2.988612e+00 1.511294e-01 -1.093799e-04 -3.211373e-02 -8.122560e-04
70             -8.145409e-03 -2.912114e+00 1.467663e-01 -8.050007e-03 -2.882041e+00 1.479105e-01 -9.540245e-05 -3.007325e-02 -1.144285e-03
71             -8.107118e-03 -2.898147e+00 1.474812e-01 -8.014874e-03 -2.869946e+00 1.477235e-01 -9.224321e-05 -2.820160e-02 -2.423083e-04
72             -8.219156e-03 -2.974462e+00 1.381763e-01 -8.137668e-03 -2.947283e+00 1.388776e-01 -8.148756e-05 -2.717822e-02 -7.013575e-04
73             -8.615484e-03 -3.121928e+00 1.434054e-01 -8.527955e-03 -3.094986e+00 1.426809e-01 -8.752915e-05 -2.694127e-02 7.245085e-04
74             -9.022895e-03 -3.316198e+00 1.343432e-01 -8.943431e-03 -3.288496e+00 1.344589e-01 -7.946438e-05 -2.770184e-02 -1.157406e-04
75             -9.522227e-03 -3.528733e+00 1.314558e-01 -9.435816e-03 -3.499798e+00 1.306518e-01 -8.641070e-05 -2.893470e-02 8.040526e-04
76             -9.908085e-03 -3.726408e+00 1.178440e-01 -9.822899e-03 -3.695879e+00 1.174049e-01 -8.518585e-05 -3.052923e-02 4.390993e-04
77             -1.019345e-02 -3.874504e+00 1.075137e-01 -1.010013e-02 -3.842385e+00 1.062324e-01 -9.331911e-05 -3.211870e-02 1.281239e-03
78             -1.019341e-02 -3.942466e+00 8.602955e-02 -1.010472e-02 -3.909014e+00 8.552863e-02 -8.868623e-05 -3.345234e-02 5.009234e-04
79             -1.005963e-02 -3.909555e+00 8.119407e-02 -9.958374e-03 -3.876057e+00 7.896115e-02 -1.012570e-04 -3.349850e-02 2.232929e-03
80             -9.507937e-03 -3.772632e+00 5.577177e-02 -9.422540e-03 -3.739547e+00 5.530454e-02 -8.539707e-05 -3.308496e-02 4.672359e-04
81             -8.919561e-03 -3.556814e+00 5.202592e-02 -8.825261e-03 -3.525137e+00 4.963476e-02 -9.429946e-05 -3.167652e-02 2.391157e-03
82             -8.121291e-03 -3.305363e+00 3.203578e-02 -8.044603e-03 -3.275609e+00 3.110839e-02 -7.668820e-05 -2.975382e-02 9.273842e-04
83             -7.488062e-03 -3.081186e+00 2.285829e-02 -7.408993e-03 -3.053497e+00 2.064692e-02 -7.906947e-05 -2.768859e-02 2.211366e-03
84             -6.983234e-03 -2.923354e+00 7.228403e-03 -6.914182e-03 -2.897612e+00 5.564948e-03 -6.905196e-05 -2.574135e-02 1.663454e-03
85             -6.782715e-03 -2.863634e+00 -1.595246e-03 -6.713447e-03 -2.839125e+00 -3.873044e-03 -6.926765e-05 -2.450975e-02 2.277798e-03
86             -6.856950e-03 -2.908138e+00 -9.275069e-03 -6.789503e-03 -2.884152e+00 -1.160525e-02 -6.744672e-05 -2.398610e-02 2.330184e-03
87             -7.190083e-03 -3.042618e+00 -1.226618e-02 -7.119403e-03 -3.018295e+00 -1.503890e-02 -7.068070e-05 -2.432273e-02 2.772719e-03
88             -7.701031e-03 -3.241212e+00 -1.198961e-02 -7.626642e-03 -3.215872e+00 -1.499625e-02 -7.438921e-05 -2.534050e-02 3.006640e-03
89             -8.333981e-03 -3.477437e+00 -6.312796e-03 -8.251678e-03 -3.450614e+00 -9.947398e-03 -8.230298e-05 -2.682242e-02 3.634601e-03
90             -8.963000e-03 -3.712867e+00 2.676655e-04 -8.875529e-03 -3.684272e+00 -3.509959e-03 -8.747083e-05 -2.859432e-02 3.777624e-03
91             -9.522670e-03 -3.908696e+00 1.133812e-02 -9.425462e-03 -3.878270e+00 6.776364e-03 -9.720771e-05 -3.042534e-02 4.561760e-03
92             -9.898044e-03 -4.035788e+00 2.056074e-02 -9.796827e-03 -4.003781e+00 1.592559e-02 -1.012170e-04 -3.200746e-02 4.635152e-03
93             -1.004636e-02 -4.067958e+00 3.027577e-02 -9.938667e-03 -4.034924e+00 2.508553e-02 -1.076977e-04 -3.303375e-02 5.190241e-03
94             -9.913913e-03 -3.993348e+00 3.705995e-02 -9.805376e-03 -3.960012e+00 3.188950e-02 -1.085365e-04 -3.333648e-02 5.170452e-03
95             -9.534422e-03 -3.819910e+00 4.326586e-02 -9.424235e-03 -3.787193e+00 3.776206e-02 -1.101875e-04 -3.271780e-02 5.503799e-03
96             -8.959133e-03 -3.580165e+00 4.494346e-02 -8.852638e-03 -3.548797e+00 3.960824e-02 -1.064943e-04 -3.136777e-02 5.335218e-03
97             -8.310973e-03 -3.322172e+00 4.263074e-02 -8.207374e-03 -3.292738e+00 3.723658e-02 -1.035982e-04 -2.943436e-02 5.394162e-03
98             -7.709555e-03 -3.100121e+00 3.412987e-02 -7.611579e-03 -3.072619e+00 2.904681e-02 -9.797546e-05 -2.750256e-02 5.083055e-03
99             -7.279174e-03 -2.957521e+00 2.119047e-02 -7.184439e-03 -2.931630e+00 1.622452e-02 -9.473503e-05 -2.589082e-02 4.965955e-03
100            -7.083813e-03 -2.918202e+00 4.188816e-03 -6.993793e-03 -2.893268e+00 -2.336796e-04 -9.002002e-05 -2.493387e-02 4.422495e-03
101            -7.162053e-03 -2.985733e+00 -1.273733e-02 -7.072664e-03 -2.960991e+00 -1.692112e-02 -8.938918e-05 -2.474202e-02 4.183792e-03
102            -7.472760e-03 -3.139876e+00 -2.847975e-02 -7.383622e-03 -3.114473e+00 -3.219322e-02 -8.913828e-05 -2.540300e-02 3.713466e-03
103            -7.955245e-03 -3.350644e+00 -4.067848e-02 -7.863503e-03 -3.323927e+00 -4.405554e-02 -9.174126e-05 -2.671628e-02 3.377059e-03
104            -8.521815e-03 -3.583075e+00 -4.902508e-02 -8.426385e-03 -3.554541e+00 -5.203787e-02 -9.542933e-05 -2.853421e-02 3.012787e-03
105            -9.074665e-03 -3.799717e+00 -5.384652e-02 -8.974696e-03 -3.769080e+00 -5.653766e-02 -9.996898e-05 -3.063765e-02 2.691139e-03
106            -9.513371e-03 -3.963131e+00 -5.575074e-02 -9.408986e-03 -3.930490e+00 -5.814149e-02 -1.043852e-04 -3.264125e-02 2.390742e-03
107            -9.752091e-03 -4.040912e+00 -5.497750e-02 -9.643727e-03 -4.006667e+00 -5.716899e-02 -1.083639e-04 -3.424490e-02 2.191488e-03
108            -9.740260e-03 -4.015223e+00 -5.182683e-02 -9.629799e-03 -3.980065e+00 -5.381946e-02 -1.104610e-04 -3.515841e-02 1.992630e-03
109            -9.453246e-03 -3.876875e+00 -4.549216e-02 -9.342382e-03 -3.841680e+00 -4.739915e-02 -1.108641e-04 -3.519439e-02 1.906988e-03
110            -8.943076e-03 -3.650455e+00 -3.728022e-02 -8.834382e-03 -3.616190e+00 -3.911124e-02 -1.086944e-04 -3.426586e-02 1.831011e-03
111            -8.312820e-03 -3.381579e+00 -2.923005e-02 -8.208022e-03 -3.348982e+00 -3.105871e-02 -1.047982e-04 -3.259752e-02 1.828659e-03
112            -7.698274e-03 -3.129304e+00 -2.387762e-02 -7.598485e-03 -3.098693e+00 -2.570429e-02 -9.978852e-05 -3.061171e-02 1.826671e-03
113            -7.226718e-03 -2.946206e+00 -2.317358e-02 -7.131722e-03 -2.917391e+00 -2.499836e-02 -9.499576e-05 -2.881536e-02 1.824780e-03
114            -6.991896e-03 -2.867923e+00 -2.737242e-02 -6.900579e-03 -2.840307e+00 -2.915696e-02 -9.131739e-05 -2.761545e-02 1.784535e-03
115            -7.031129e-03 -2.904103e+00 -3.481912e-02 -6.941516e-03 -2.876891e+00 -3.657215e-02 -8.961321e-05 -2.721217e-02 1.753028e-03
116            -7.322609e-03 -3.040256e+00 -4.343163e-02 -7.232670e-03 -3.012600e+00 -4.513835e-02 -8.993987e-05 -2.765565e-02 1.706727e-03
117            -7.803916e-03 -3.247254e+00 -5.127571e-02 -7.711704e-03 -3.218418e+00 -5.295181e-02 -9.221188e-05 -2.883570e-02 1.676106e-03
118            -8.393819e-03 -3.490495e+00 -5.713348e-02 -8.297778e-03 -3.459918e+00 -5.879081e-02 -9.604126e-05 -3.057649e-02 1.657334e-03
119            -8.997296e-03 -3.732040e+00 -6.060539e-02 -8.896433e-03 -3.699419e+00 -6.227951e-02 -1.008623e-04 -3.262166e-02 1.674126e-03
120            -9.515829e-03 -3.933328e+00 -6.183573e-02 -9.409904e-03 -3.898647e+00 -6.355550e-02 -1.059247e-04 -3.468186e-02 1.719771e-03
121            -9.857624e-03 -4.058500e+00 -6.078359e-02 -9.747334e-03 -4.022092e+00 -6.258222e-02 -1.102895e-04 -3.640805e-02 1.798625e-03
122            -9.952923e-03 -4.080051e+00 -5.710527e-02 -9.839804e-03 -4.042547e+00 -5.900031e-02 -1.131188e-04 -3.750408e-02 1.895047e-03
123            -9.773757e-03 -3.987275e+00 -5.032369e-02 -9.659933e-03 -3.949561e+00 -5.234605e-02 -1.138241e-04 -3.771433e-02 2.022361e-03
124            -9.342376e-03 -3.790465e+00 -4.056915e-02 -9.230131e-03 -3.753523e+00 -4.275410e-02 -1.122453e-04 -3.694235e-02 2.184957e-03
125            -8.738262e-03 -3.525756e+00 -2.956600e-02 -8.629836e-03 -3.490508e+00 -3.193324e-02 -1.084264e-04 -3.524750e-02 2.367237e-03
126            -8.079186e-03 -3.246148e+00 -1.983821e-02 -7.975990e-03 -3.213153e+00 -2.238571e-02 -1.031957e-04 -3.299512e-02 2.547505e-03
127            -7.500569e-03 -3.010638e+00 -1.387764e-02 -7.402988e-03 -2.979967e+00 -1.657737e-02 -9.758036e-05 -3.067013e-02 2.699735e-03
128            -7.115998e-03 -2.866538e+00 -1.339107e-02 -7.023377e-03 -2.837759e+00 -1.617365e-02 -9.262095e-05 -2.877820e-02 2.782580e-03
129            -6.993962e-03 -2.837450e+00 -1.752484e-02 -6.904713e-03 -2.809815e+00 -2.033595e-02 -8.924900e-05 -2.763479e-02 2.811112e-03
130            -7.144645e-03 -2.921273e+00 -2.440929e-02 -7.056758e-03 -2.893920e+00 -2.721063e-02 -8.788682e-05 -2.735311e-02 2.801342e-03
131            -7.524669e-03 -3.094758e+00 -3.190651e-02 -7.436132e-03 -3.066874e+00 -3.467419e-02 -8.853637e-05 -2.788424e-02 2.767678e-03
132            -8.060914e-03 -3.324774e+00 -3.833521e-02 -7.969893e-03 -3.295653e+00 -4.105411e-02 -9.102068e-05 -2.912096e-02 2.718894e-03
133            -8.661942e-03 -3.573345e+00 -4.288475e-02 -8.567097e-03 -3.542499e+00 -4.555234e-02 -9.484457e-05 -3.084625e-02 2.667589e-03
134            -9.228331e-03 -3.801020e+00 -4.547498e-02 -9.128940e-03 -3.768221e+00 -4.809303e-02 -9.939169e-05 -3.279906e-02 2.618046e-03
135            -9.661685e-03 -3.968877e+00 -4.602511e-02 -9.557846e-03 -3.934233e+00 -4.860501e-02 -1.038385e-04 -3.464367e-02 2.579900e-03
136            -9.878800e-03 -4.044076e+00 -4.430490e-02 -9.771329e-03 -4.007994e+00 -4.686427e-02 -1.074710e-04 -3.608232e-02 2.559371e-03
137            -9.827590e-03 -4.006099e+00 -3.973178e-02 -9.717999e-03 -3.969284e+00 -4.230038e-02 -1.095911e-04 -3.681428e-02 2.568601e-03
138            -9.504682e-03 -3.854057e+00 -3.173010e-02 -9.394966e-03 -3.817405e+00 -3.433908e-02 -1.097157e-04 -3.665203e-02 2.608975e-03
139            -8.962081e-03 -3.612182e+00 -2.126209e-02 -8.854461e-03 -3.576657e+00 -2.394221e-02 -1.076202e-04 -3.552494e-02 2.680121e-03
140            -8.300958e-03 -3.327172e+00 -1.075944e-02 -8.197336e-03 -3.293520e+00 -1.351251e-02 -1.036220e-04 -3.365205e-02 2.753073e-03
141            -7.652077e-03 -3.058073e+00 -3.244098e-03 -7.553478e-03 -3.026613e+00 -6.048263e-03 -9.859827e-05 -3.146008e-02 2.804165e-03
142            -7.144430e-03 -2.861170e+00 -1.503512e-03 -7.050704e-03 -2.831678e+00 -4.304903e-03 -9.372611e-05 -2.949242e-02 2.801391e-03
143            -6.873741e-03 -2.773537e+00 -5.761827e-03 -6.783704e-03 -2.745389e+00 -8.506158e-03 -9.003692e-05 -2.814749e-02 2.744330e-03
144            -6.883960e-03 -2.806393e+00 -1.403556e-02 -6.795687e-03 -2.778728e+00 -1.668321e-02 -8.827352e-05 -2.766433e-02 2.647658e-03
145            -7.160738e-03 -2.946012e+00 -2.363052e-02 -7.072118e-03 -2.917953e+00 -2.616562e-02 -8.862029e-05 -2.805908e-02 2.535103e-03
146            -7.645991e-03 -3.162842e+00 -3.219125e-02 -7.555064e-03 -3.133594e+00 -3.459992e-02 -9.092713e-05 -2.924880e-02 2.408673e-03
147            -8.256096e-03 -3.420143e+00 -3.828605e-02 -8.161334e-03 -3.389117e+00 -4.056918e-02 -9.476189e-05 -3.102564e-02 2.283127e-03
148            -8.893173e-03 -3.678399e+00 -4.161830e-02 -8.793497e-03 -3.645237e+00 -4.379204e-02 -9.967608e-05 -3.316203e-02 2.173748e-03
149            -9.453979e-03 -3.897349e+00 -4.237116e-02 -9.349048e-03 -3.862006e+00 -4.446473e-02 -1.049316e-04 -3.534226e-02 2.093572e-03
150            -9.842889e-03 -4.039529e+00 -4.053106e-02 -9.733164e-03 -4.002277e+00 -4.257174e-02 -1.097256e-04 -3.725291e-02 2.040680e-03
151            -9.984449e-03 -4.075817e+00 -3.590140e-02 -9.871248e-03 -4.037259e+00 -3.792149e-02 -1.132012e-04 -3.855831e-02 2.020088e-03
152            -9.845786e-03 -3.994223e+00 -2.803171e-02 -9.731047e-03 -3.955206e+00 -3.006483e-02 -1.147394e-04 -3.901615e-02 2.033121e-03
153            -9.442465e-03 -3.803048e+00 -1.685337e-02 -9.328509e-03 -3.764579e+00 -1.894141e-02 -1.139553e-04 -3.846829e-02 2.088038e-03
154            -8.851025e-03 -3.538094e+00 -4.154077e-03 -8.740059e-03 -3.501118e+00 -6.334173e-03 -1.109659e-04 -3.697666e-02 2.180096e-03
155            -8.186242e-03 -3.252168e+00 7.158051e-03 -8.079951e-03 -3.217335e+00 4.870316e-03 -1.062905e-04 -3.483366e-02 2.287735e-03
156            -7.582277e-03 -3.005570e+00 1.352707e-02 -7.481347e-03 -2.973026e+00 1.116011e-02 -1.009298e-04 -3.254394e-02 2.366964e-03
157            -7.156572e-03 -2.847862e+00 1.278441e-02 -7.060738e-03 -2.817264e+00 1.040924e-02 -9.583341e-05 -3.059736e-02 2.375176e-03
158            -6.986324e-03 -2.805775e+00 5.965629e-03 -6.894243e-03 -2.776404e+00 3.644088e-03 -9.208052e-05 -2.937119e-02 2.321541e-03
159            -7.092746e-03 -2.879821e+00 -4.256820e-03 -7.002446e-03 -2.850826e+00 -6.500086e-03 -9.029942e-05 -2.899423e-02 2.243266e-03
160            -7.445318e-03 -3.049309e+00 -1.483041e-02 -7.354677e-03 -3.019842e+00 -1.698149e-02 -9.064061e-05 -2.946764e-02 2.151086e-03
161            -7.973710e-03 -3.280294e+00 -2.339588e-02 -7.881000e-03 -3.249666e+00 -2.544503e-02 -9.271006e-05 -3.062813e-02 2.049147e-03
162            -8.587368e-03 -3.534558e+00 -2.898004e-02 -8.491221e-03 -3.502276e+00 -3.093562e-02 -9.614725e-05 -3.228205e-02 1.955579e-03
163            -9.183388e-03 -3.771887e+00 -3.162595e-02 -9.082994e-03 -3.737726e+00 -3.351632e-02 -1.003943e-04 -3.416127e-02 1.890371e-03
164            -9.661233e-03 -3.953284e+00 -3.143982e-02 -9.556524e-03 -3.917341e+00 -3.330221e-02 -1.047091e-04 -3.594266e-02 1.862392e-03
165            -9.933972e-03 -4.045121e+00 -2.837979e-02 -9.825678e-03 -4.007815e+00 -3.025829e-02 -1.082939e-04 -3.730560e-02 1.878498e-03
166            -9.944166e-03 -4.025356e+00 -2.211127e-02 -9.833712e-03 -3.987367e+00 -2.404479e-02 -1.104533e-04 -3.798855e-02 1.933519e-03
167            -9.680341e-03 -3.890589e+00 -1.218034e-02 -9.569740e-03 -3.852805e+00 -1.421125e-02 -1.106006e-04 -3.778349e-02 2.030913e-03
168            -9.183428e-03 -3.660963e+00 5.264613e-04 -9.074772e-03 -3.624306e+00 -1.645005e-03 -1.086561e-04 -3.665657e-02 2.171466e-03
169            -8.545063e-03 -3.380140e+00 1.339734e-02 -8.440214e-03 -3.345403e+00 1.104971e-02 -1.048487e-04 -3.473750e-02 2.347628e-03
170            -7.888669e-03 -3.105245e+00 2.280135e-02 -7.788697e-03 -3.072785e+00 2.028575e-02 -9.997216e-05 -3.245947e-02 2.515610e-03
171            -7.341936e-03 -2.892559e+00 2.545939e-02 -7.246980e-03 -2.862251e+00 2.283145e-02 -9.495586e-05 -3.030748e-02 2.627935e-03
172            -7.006428e-03 -2.781759e+00 2.065756e-02 -6.915587e-03 -2.753019e+00 1.800081e-02 -9.084123e-05 -2.873991e-02 2.656745e-03
173            -6.936530e-03 -2.787844e+00 1.051940e-02 -6.848070e-03 -2.759857e+00 7.884571e-03 -8.845985e-05 -2.798736e-02 2.634831e-03
174            -7.131672e-03 -2.901915e+00 -1.928896e-03 -7.043513e-03 -2.873798e+00 -4.511382e-03 -8.815912e-05 -2.811698e-02 2.582486e-03
175            -7.545762e-03 -3.097323e+00 -1.351727e-02 -7.455968e-03 -3.068291e+00 -1.603011e-02 -8.979428e-05 -2.903108e-02 2.512839e-03
176            -8.103783e-03 -3.339136e+00 -2.224590e-02 -8.010719e-03 -3.308572e+00 -2.468187e-02 -9.306449e-05 -3.056384e-02 2.435968e-03
177            -8.711450e-03 -3.588744e+00 -2.756122e-02 -8.614037e-03 -3.556274e+00 -2.993127e-02 -9.741358e-05 -3.247051e-02 2.370056e-03
178            -9.267996e-03 -3.807342e+00 -2.974804e-02 -9.165751e-03 -3.772855e+00 -3.207204e-02 -1.022454e-04 -3.448635e-02 2.323992e-03
179            -9.677089e-03 -3.958099e+00 -2.896591e-02 -9.570228e-03 -3.921821e+00 -3.128569e-02 -1.068618e-04 -3.627823e-02 2.319776e-03
180            -9.864200e-03 -4.012477e+00 -2.507040e-02 -9.753649e-03 -3.974917e+00 -2.742539e-02 -1.105506e-04 -3.756025e-02 2.354991e-03
181            -9.791521e-03 -3.956084e+00 -1.742027e-02 -9.678900e-03 -3.918009e+00 -1.985375e-02 -1.126203e-04 -3.807526e-02 2.433483e-03
182            -9.467397e-03 -3.794069e+00 -5.878646e-03 -9.354748e-03 -3.756371e+00 -8.425814e-03 -1.126492e-04 -3.769737e-02 2.547168e-03
183            -8.951593e-03 -3.555933e+00 7.909595e-03 -8.840988e-03 -3.519492e+00 5.211547e-03 -1.106052e-04 -3.644074e-02 2.698048e-03
184            -8.342743e-03 -3.290158e+00 2.036543e-02 -8.235768e-03 -3.255583e+00 1.750222e-02 -1.069749e-04 -3.457445e-02 2.863213e-03
185            -7.759807e-03 -3.052559e+00 2.737885e-02 -7.657252e-03 -3.020037e+00 2.437671e-02 -1.025548e-04 -3.252203e-02 3.002142e-03
186            -7.317397e-03 -2.891905e+00 2.638297e-02 -7.219065e-03 -2.861128e+00 2.332324e-02 -9.833193e-05 -3.077689e-02 3.059729e-03
187            -7.096827e-03 -2.835842e+00 1.831779e-02 -7.001791e-03 -2.806184e+00 1.529360e-02 -9.503609e-05 -2.965798e-02 3.024187e-03
188            -7.131908e-03 -2.888988e+00 5.947909e-03 -7.038602e-03 -2.859651e+00 3.030553e-03 -9.330571e-05 -2.933688e-02 2.917357e-03
189            -7.404595e-03 -3.035027e+00 -7.489530e-03 -7.311288e-03 -3.005250e+00 -1.026377e-02 -9.330692e-05 -2.977694e-02 2.774244e-03
190            -7.858530e-03 -3.244284e+00 -1.907621e-02 -7.763597e-03 -3.213424e+00 -2.168849e-02 -9.493346e-05 -3.085961e-02 2.612283e-03
191            -8.413482e-03 -3.481263e+00 -2.736545e-02 -8.315803e-03 -3.448893e+00 -2.980520e-02 -9.767895e-05 -3.236969e-02 2.439751e-03
192            -8.976495e-03 -3.708724e+00 -3.213504e-02 -8.875318e-03 -3.674632e+00 -3.441800e-02 -1.011778e-04 -3.409216e-02 2.282960e-03
193            -9.450986e-03 -3.889659e+00 -3.358597e-02 -9.346156e-03 -3.853919e+00 -3.575401e-02 -1.048302e-04 -3.574008e-02 2.168041e-03
194            -9.751841e-03 -3.992223e+00 -3.194619e-02 -9.643883e-03 -3.955176e+00 -3.404142e-02 -1.079579e-04 -3.704727e-02 2.095230e-03
195            -9.818972e-03 -3.994188e+00 -2.691294e-02 -9.709044e-03 -3.956463e+00 -2.899211e-02 -1.099277e-04 -3.772555e-02 2.079171e-03
196            -9.635552e-03 -3.889895e+00 -1.782553e-02 -9.525193e-03 -3.852277e+00 -1.995112e-02 -1.103596e-04 -3.761843e-02 2.125591e-03
197            -9.229079e-03 -3.693172e+00 -4.923431e-03 -9.120146e-03 -3.656525e+00 -7.154446e-03 -1.089326e-04 -3.664737e-02 2.231015e-03
198            -8.675577e-03 -3.441525e+00 9.224418e-03 -8.569807e-03 -3.406579e+00 6.849201e-03 -1.057705e-04 -3.494675e-02 2.375217e-03
199            -8.077926e-03 -3.185654e+00 2.049258e-02 -7.976540e-03 -3.152813e+00 1.796590e-02 -1.013866e-04 -3.284112e-02 2.526676e-03
200            -7.548855e-03 -2.978045e+00 2.473664e-02 -7.452140e-03 -2.947248e+00 2.210392e-02 -9.671569e-05 -3.079696e-02 2.632716e-03
201            -7.187197e-03 -2.857939e+00 2.075520e-02 -7.094511e-03 -2.828726e+00 1.808709e-02 -9.268551e-05 -2.921341e-02 2.668105e-03
202            -7.056906e-03 -2.843114e+00 1.057496e-02 -6.966866e-03 -2.814746e+00 7.946393e-03 -9.003919e-05 -2.836813e-02 2.628563e-03
203            -7.172037e-03 -2.929166e+00 -2.667457e-03 -7.082961e-03 -2.900849e+00 -5.206511e-03 -8.907640e-05 -2.831691e-02 2.539054e-03
204            -7.501792e-03 -3.094693e+00 -1.564648e-02 -7.411791e-03 -3.065673e+00 -1.807509e-02 -9.000050e-05 -2.902015e-02 2.428610e-03
205            -7.980823e-03 -3.308230e+00 -2.601788e-02 -7.888261e-03 -3.277923e+00 -2.833994e-02 -9.256182e-05 -3.030661e-02 2.322056e-03
206            -8.525521e-03 -3.534683e+00 -3.284319e-02 -8.429103e-03 -3.502687e+00 -3.507871e-02 -9.641770e-05 -3.199576e-02 2.235519e-03
207            -9.042992e-03 -3.737816e+00 -3.611270e-02 -8.942097e-03 -3.703984e+00 -3.828857e-02 -1.008947e-04 -3.383209e-02 2.175877e-03
208            -9.443207e-03 -3.883335e+00 -3.607911e-02 -9.337997e-03 -3.847802e+00 -3.821524e-02 -1.052104e-04 -3.553315e-02 2.136132e-03
209            -9.651615e-03 -3.943632e+00 -3.276679e-02 -9.542944e-03 -3.906837e+00 -3.489961e-02 -1.086710e-04 -3.679584e-02 2.132817e-03
210            -9.624805e-03 -3.903554e+00 -2.585294e-02 -9.513915e-03 -3.866163e+00 -2.804054e-02 -1.108895e-04 -3.739159e-02 2.187601e-03
211            -9.364265e-03 -3.765308e+00 -1.479747e-02 -9.252798e-03 -3.728137e+00 -1.710708e-02 -1.114669e-04 -3.717174e-02 2.309608e-03
212            -8.918931e-03 -3.552823e+00 -6.632213e-04 -8.808618e-03 -3.516666e+00 -3.150726e-03 -1.103137e-04 -3.615691e-02 2.487505e-03
213            -8.375359e-03 -3.309175e+00 1.316462e-02 -8.267851e-03 -3.274631e+00 1.048010e-02 -1.075077e-04 -3.454372e-02 2.684523e-03
214            -7.838005e-03 -3.085701e+00 2.202013e-02 -7.734241e-03 -3.052967e+00 1.916767e-02 -1.037635e-04 -3.273439e-02 2.852458e-03
215            -7.409428e-03 -2.928478e+00 2.252852e-02 -7.309444e-03 -2.897338e+00 1.957787e-02 -9.998407e-05 -3.114023e-02 2.950645e-03
216            -7.171774e-03 -2.866365e+00 1.508679e-02 -7.074683e-03 -2.836246e+00 1.212470e-02 -9.709189e-05 -3.011948e-02 2.962091e-03
217            -7.166760e-03 -2.906218e+00 2.533213e-03 -7.071161e-03 -2.876403e+00 -3.724711e-04 -9.559972e-05 -2.981549e-02 2.905684e-03
218            -7.389988e-03 -3.035514e+00 -1.165025e-02 -7.294271e-03 -3.005266e+00 -1.444730e-02 -9.571731e-05 -3.024856e-02 2.797057e-03
219            -7.795849e-03 -3.227712e+00 -2.427005e-02 -7.698455e-03 -3.196411e+00 -2.693898e-02 -9.739381e-05 -3.130134e-02 2.668922e-03
220            -8.311827e-03 -3.450287e+00 -3.368864e-02 -8.211357e-03 -3.417471e+00 -3.623559e-02 -1.004700e-04 -3.281583e-02 2.546947e-03
221            -8.848632e-03 -3.667813e+00 -3.950151e-02 -8.744101e-03 -3.633255e+00 -4.196563e-02 -1.045312e-04 -3.455827e-02 2.464119e-03
222            -9.314983e-03 -3.845332e+00 -4.180517e-02 -9.206073e-03 -3.809057e+00 -4.422468e-02 -1.089099e-04 -3.627452e-02 2.419510e-03
223            -9.628298e-03 -3.951766e+00 -4.069799e-02 -9.515649e-03 -3.914108e+00 -4.310118e-02 -1.126489e-04 -3.765846e-02 2.403189e-03
224            -9.728374e-03 -3.965162e+00 -3.601134e-02 -9.613369e-03 -3.926700e+00 -3.841322e-02 -1.150057e-04 -3.846257e-02 2.401884e-03
225            -9.592889e-03 -3.878239e+00 -2.708811e-02 -9.477320e-03 -3.839744e+00 -2.952639e-02 -1.155687e-04 -3.849446e-02 2.438275e-03
226            -9.242915e-03 -3.702556e+00 -1.407995e-02 -9.128579e-03 -3.664853e+00 -1.661058e-02 -1.143360e-04 -3.770372e-02 2.530630e-03
227            -8.745449e-03 -3.471501e+00 8.868974e-04 -8.634007e-03 -3.435323e+00 -1.793975e-03 -1.114423e-04 -3.617850e-02 2.680872e-03
228            -8.195409e-03 -3.232486e+00 1.362212e-02 -8.088071e-03 -3.198244e+00 1.077851e-02 -1.073377e-04 -3.424195e-02 2.843613e-03
229            -7.696211e-03 -3.034990e+00 1.955618e-02 -7.593737e-03 -3.002709e+00 1.661573e-02 -1.024747e-04 -3.228073e-02 2.940449e-03
230            -7.342092e-03 -2.917634e+00 1.684846e-02 -7.244206e-03 -2.886923e+00 1.391066e-02 -9.788627e-05 -3.071095e-02 2.937806e-03
231            -7.195384e-03 -2.898320e+00 7.180650e-03 -7.100903e-03 -2.868544e+00 4.315626e-03 -9.448116e-05 -2.977566e-02 2.865024e-03
232            -7.277492e-03 -2.974837e+00 -6.185958e-03 -7.184813e-03 -2.945273e+00 -8.926696e-03 -9.267878e-05 -2.956422e-02 2.740738e-03
233            -7.565231e-03 -3.127424e+00 -1.962865e-02 -7.472767e-03 -3.097401e+00 -2.220962e-02 -9.246359e-05 -3.002335e-02 2.580964e-03
234            -8.002304e-03 -3.326838e+00 -3.055527e-02 -7.908565e-03 -3.295792e+00 -3.295692e-02 -9.373884e-05 -3.104606e-02 2.401651e-03
235            -8.509767e-03 -3.539536e+00 -3.786449e-02 -8.413540e-03 -3.507099e+00 -4.010160e-02 -9.622638e-05 -3.243747e-02 2.237108e-03
236            -8.996995e-03 -3.730773e+00 -4.156881e-02 -8.897523e-03 -3.696799e+00 -4.367037e-02 -9.947214e-05 -3.397462e-02 2.101566e-03
237            -9.376196e-03 -3.867292e+00 -4.172207e-02 -9.273302e-03 -3.831911e+00 -4.374340e-02 -1.028933e-04 -3.538096e-02 2.021324e-03
238            -9.576459e-03 -3.922625e+00 -3.823497e-02 -9.470704e-03 -3.886220e+00 -4.022174e-02 -1.057545e-04 -3.640519e-02 1.986771e-03
239            -9.555488e-03 -3.881784e+00 -3.067866e-02 -9.448072e-03 -3.844974e+00 -3.268577e-02 -1.074162e-04 -3.681029e-02 2.007116e-03
240            -9.312472e-03 -3.746790e+00 -1.872186e-02 -9.204827e-03 -3.710317e+00 -2.082041e-02 -1.076445e-04 -3.647379e-02 2.098549e-03
241            -8.890063e-03 -3.539947e+00 -3.462145e-03 -8.783684e-03 -3.504564e+00 -5.736554e-03 -1.063784e-04 -3.538217e-02 2.274409e-03
242            -8.370063e-03 -3.302919e+00 1.171604e-02 -8.266282e-03 -3.269166e+00 9.224166e-03 -1.037812e-04 -3.375257e-02 2.491874e-03
243            -7.852638e-03 -3.085184e+00 2.218773e-02 -7.752259e-03 -3.053246e+00 1.948507e-02 -1.003791e-04 -3.193777e-02 2.702662e-03
244            -7.437645e-03 -2.931693e+00 2.428402e-02 -7.340743e-03 -2.901328e+00 2.144955e-02 -9.690195e-05 -3.036434e-02 2.834466e-03
245            -7.203512e-03 -2.870451e+00 1.800382e-02 -7.109419e-03 -2.841108e+00 1.513524e-02 -9.409249e-05 -2.934313e-02 2.868588e-03
246            -7.190907e-03 -2.908515e+00 5.884015e-03 -7.098292e-03 -2.879473e+00 3.062898e-03 -9.261489e-05 -2.904174e-02 2.821117e-03
247            -7.397474e-03 -3.033717e+00 -8.370515e-03 -7.304752e-03 -3.004256e+00 -1.109694e-02 -9.272234e-05 -2.946018e-02 2.726428e-03
248            -7.783484e-03 -3.220753e+00 -2.131687e-02 -7.689066e-03 -3.190232e+00 -2.391782e-02 -9.441800e-05 -3.052061e-02 2.600956e-03
249            -8.281512e-03 -3.437719e+00 -3.094161e-02 -8.184187e-03 -3.405680e+00 -3.340306e-02 -9.732468e-05 -3.203920e-02 2.461449e-03
250            -8.806319e-03 -3.650442e+00 -3.684115e-02 -8.705195e-03 -3.616613e+00 -3.917107e-02 -1.011236e-04 -3.382834e-02 2.329922e-03
251            -9.266287e-03 -3.824336e+00 -3.911609e-02 -9.161048e-03 -3.788733e+00 -4.134822e-02 -1.052384e-04 -3.560291e-02 2.232130e-03
252            -9.579567e-03 -3.929109e+00 -3.789654e-02 -9.470478e-03 -3.892012e+00 -4.007616e-02 -1.090884e-04 -3.709722e-02 2.179617e-03
253            -9.686640e-03 -3.943088e+00 -3.285209e-02 -9.574627e-03 -3.905049e+00 -3.503897e-02 -1.120132e-04 -3.803973e-02 2.186876e-03
254            -9.566238e-03 -3.859252e+00 -2.329729e-02 -9.452743e-03 -3.821003e+00 -2.555345e-02 -1.134943e-04 -3.824883e-02 2.256153e-03
255            -9.237578e-03 -3.688947e+00 -9.488124e-03 -9.124353e-03 -3.651318e+00 -1.188300e-02 -1.132249e-04 -3.762919e-02 2.394873e-03
256            -8.764246e-03 -3.465357e+00 6.161649e-03 -8.652934e-03 -3.429063e+00 3.571337e-03 -1.113126e-04 -3.629448e-02 2.590312e-03
257            -8.235786e-03 -3.234672e+00 1.931155e-02 -8.127691e-03 -3.200155e+00 1.650263e-02 -1.080954e-04 -3.451765e-02 2.808919e-03
258            -7.753237e-03 -3.045586e+00 2.521626e-02 -7.649209e-03 -3.012868e+00 2.226570e-02 -1.040278e-04 -3.271768e-02 2.950553e-03
259            -7.410449e-03 -2.935360e+00 2.222538e-02 -7.310637e-03 -2.904112e+00 1.926238e-02 -9.981156e-05 -3.124772e-02 2.962998e-03
260            -7.271051e-03 -2.921571e+00 1.201708e-02 -7.174374e-03 -2.891188e+00 9.118419e-03 -9.667736e-05 -3.038271e-02 2.898658e-03
261            -7.355374e-03 -3.001453e+00 -2.146446e-03 -7.260252e-03 -2.971246e+00 -4.941803e-03 -9.512278e-05 -3.020768e-02 2.795357e-03
262            -7.640719e-03 -3.155601e+00 -1.664755e-02 -7.545529e-03 -3.124896e+00 -1.930304e-02 -9.519013e-05 -3.070555e-02 2.655487e-03
263            -8.072126e-03 -3.354827e+00 -2.861823e-02 -7.975457e-03 -3.323097e+00 -3.111753e-02 -9.666835e-05 -3.172976e-02 2.499298e-03
264            -8.573981e-03 -3.566123e+00 -3.675608e-02 -8.474670e-03 -3.533006e+00 -3.910407e-02 -9.931083e-05 -3.311795e-02 2.347997e-03
265            -9.057274e-03 -3.754876e+00 -4.092198e-02 -8.954756e-03 -3.720266e+00 -4.314280e-02 -1.025175e-04 -3.461030e-02 2.220825e-03
266            -9.435057e-03 -3.888560e+00 -4.124806e-02 -9.329379e-03 -3.852602e+00 -4.337004e-02 -1.056777e-04 -3.595777e-02 2.121978e-03
267            -9.634158e-03 -3.940818e+00 -3.772987e-02 -9.525939e-03 -3.903945e+00 -3.981124e-02 -1.082191e-04 -3.687363e-02 2.081374e-03
268            -9.612755e-03 -3.897296e+00 -2.994150e-02 -9.503067e-03 -3.860129e+00 -3.204745e-02 -1.096874e-04 -3.716713e-02 2.105947e-03
269            -9.370043e-03 -3.759996e+00 -1.748103e-02 -9.260398e-03 -3.723297e+00 -1.968471e-02 -1.096449e-04 -3.669974e-02 2.203681e-03
270            -8.949533e-03 -3.551670e+00 -1.603540e-03 -8.841492e-03 -3.516179e+00 -3.973357e-03 -1.080412e-04 -3.549163e-02 2.369818e-03
271            -8.430663e-03 -3.313655e+00 1.418400e-02 -8.325606e-03 -3.279921e+00 1.159983e-02 -1.050569e-04 -3.373440e-02 2.584171e-03
272            -7.909207e-03 -3.095016e+00 2.479560e-02 -7.807862e-03 -3.063197e+00 2.200063e-02 -1.013448e-04 -3.181895e-02 2.794966e-03
273            -7.482353e-03 -2.939681e+00 2.660512e-02 -7.384764e-03 -2.909539e+00 2.366652e-02 -9.758885e-05 -3.014167e-02 2.938594e-03
274            -7.230999e-03 -2.875846e+00 1.964912e-02 -7.136489e-03 -2.846804e+00 1.667484e-02 -9.451018e-05 -2.904244e-02 2.974281e-03
275            -7.197791e-03 -2.910145e+00 6.651728e-03 -7.105154e-03 -2.881490e+00 3.730601e-03 -9.263788e-05 -2.865468e-02 2.921127e-03
276            -7.382802e-03 -3.030937e+00 -8.693020e-03 -7.290458e-03 -3.001916e+00 -1.149897e-02 -9.234380e-05 -2.902117e-02 2.805955e-03
277            -7.745821e-03 -3.212781e+00 -2.287814e-02 -7.652174e-03 -3.182765e+00 -2.554662e-02 -9.364714e-05 -3.001617e-02 2.668478e-03
278            -8.221833e-03 -3.424525e+00 -3.376305e-02 -8.125482e-03 -3.393037e+00 -3.628925e-02 -9.635148e-05 -3.148756e-02 2.526192e-03
279            -8.728420e-03 -3.632324e+00 -4.060995e-02 -8.628458e-03 -3.599111e+00 -4.300915e-02 -9.996213e-05 -3.321381e-02 2.399197e-03
280            -9.177326e-03 -3.802170e+00 -4.339073e-02 -9.073428e-03 -3.767229e+00 -4.568637e-02 -1.038982e-04 -3.494097e-02 2.295635e-03
281            -9.486484e-03 -3.903907e+00 -4.225415e-02 -9.379004e-03 -3.867519e+00 -4.448459e-02 -1.074806e-04 -3.638758e-02 2.230439e-03
282            -9.595929e-03 -3.916493e+00 -3.702821e-02 -9.485729e-03 -3.879189e+00 -3.924917e-02 -1.101997e-04 -3.730368e-02 2.220961e-03
283            -9.482840e-03 -3.832913e+00 -2.698007e-02 -9.371219e-03 -3.795422e+00 -2.927201e-02 -1.116219e-04 -3.749072e-02 2.291936e-03
284            -9.168334e-03 -3.665297e+00 -1.235894e-02 -9.056819e-03 -3.628396e+00 -1.479797e-02 -1.115152e-04 -3.690038e-02 2.439027e-03
285            -8.715213e-03 -3.446329e+00 4.421606e-03 -8.605441e-03 -3.410716e+00 1.778281e-03 -1.097722e-04 -3.561367e-02 2.643325e-03
286            -8.211308e-03 -3.222158e+00 1.865927e-02 -8.104493e-03 -3.188203e+00 1.580217e-02 -1.068149e-04 -3.395459e-02 2.857106e-03
287            -7.751338e-03 -3.040014e+00 2.532633e-02 -7.648060e-03 -3.007710e+00 2.230437e-02 -1.032778e-04 -3.230448e-02 3.021962e-03
288            -7.424695e-03 -2.936383e+00 2.255115e-02 -7.324701e-03 -2.905332e+00 1.946526e-02 -9.999408e-05 -3.105145e-02 3.085889e-03
289            -7.292514e-03 -2.927722e+00 1.201980e-02 -7.194901e-03 -2.897311e+00 8.968131e-03 -9.761286e-05 -3.041091e-02 3.051668e-03
290            -7.378265e-03 -3.011243e+00 -2.777296e-03 -7.281774e-03 -2.980779e+00 -5.708029e-03 -9.649086e-05 -3.046340e-02 2.930733e-03
291            -7.660796e-03 -3.167171e+00 -1.802570e-02 -7.564093e-03 -3.136032e+00 -2.078022e-02 -9.670339e-05 -3.113930e-02 2.754518e-03
292            -8.087110e-03 -3.366978e+00 -3.089356e-02 -7.988864e-03 -3.334665e+00 -3.344596e-02 -9.824578e-05 -3.231343e-02 2.552392e-03
293            -8.581755e-03 -3.577943e+00 -3.999095e-02 -8.480842e-03 -3.544166e+00 -4.236669e-02 -1.009134e-04 -3.377633e-02 2.375734e-03
294            -9.058828e-03 -3.766547e+00 -4.507840e-02 -8.954579e-03 -3.731223e+00 -4.731303e-02 -1.042491e-04 -3.532435e-02 2.234632e-03
295            -9.433704e-03 -3.900556e+00 -4.608832e-02 -9.326243e-03 -3.863864e+00 -4.821680e-02 -1.074614e-04 -3.669169e-02 2.128489e-03
296            -9.635886e-03 -3.954201e+00 -4.298092e-02 -9.526018e-03 -3.916566e+00 -4.503228e-02 -1.098682e-04 -3.763490e-02 2.051356e-03
297            -9.623558e-03 -3.913098e+00 -3.519526e-02 -9.512541e-03 -3.875167e+00 -3.722555e-02 -1.110178e-04 -3.793132e-02 2.030286e-03
298            -9.394604e-03 -3.779301e+00 -2.238436e-02 -9.283811e-03 -3.741827e+00 -2.447877e-02 -1.107933e-04 -3.747351e-02 2.094410e-03
299            -8.989883e-03 -3.575012e+00 -5.778415e-03 -8.880804e-03 -3.538780e+00 -8.033870e-03 -1.090784e-04 -3.623193e-02 2.255455e-03
300            -8.487578e-03 -3.341150e+00 1.094662e-02 -8.381566e-03 -3.306705e+00 8.482898e-03 -1.060113e-04 -3.444448e-02 2.463722e-03
301            -7.980233e-03 -3.125467e+00 2.261324e-02 -7.878229e-03 -3.093008e+00 1.995307e-02 -1.020040e-04 -3.245856e-02 2.660167e-03
302            -7.561593e-03 -2.971318e+00 2.527920e-02 -7.463673e-03 -2.940606e+00 2.249655e-02 -9.791989e-05 -3.071258e-02 2.782649e-03
303            -7.307823e-03 -2.905639e+00 1.887401e-02 -7.213356e-03 -2.876142e+00 1.606489e-02 -9.446614e-05 -2.949679e-02 2.809120e-03
304            -7.261911e-03 -2.935292e+00 6.082082e-03 -7.169622e-03 -2.906305e+00 3.330159e-03 -9.228929e-05 -2.898713e-02 2.751924e-03
305            -7.426797e-03 -3.048882e+00 -9.153735e-03 -7.335191e-03 -3.019707e+00 -1.179465e-02 -9.160623e-05 -2.917583e-02 2.640913e-03
306            -7.767145e-03 -3.222104e+00 -2.326606e-02 -7.674708e-03 -3.192114e+00 -2.576037e-02 -9.243740e-05 -2.999013e-02 2.494309e-03
307            -8.219351e-03 -3.424409e+00 -3.411103e-02 -8.124761e-03 -3.393138e+00 -3.645312e-02 -9.458962e-05 -3.127108e-02 2.342085e-03
308            -8.702768e-03 -3.623113e+00 -4.106012e-02 -8.604966e-03 -3.590278e+00 -4.327194e-02 -9.780196e-05 -3.283445e-02 2.211815e-03
309            -9.130002e-03 -3.784756e+00 -4.396761e-02 -9.028548e-03 -3.750344e+00 -4.608605e-02 -1.014540e-04 -3.441279e-02 2.118441e-03
310            -9.423522e-03 -3.880375e+00 -4.283160e-02 -9.318590e-03 -3.844616e+00 -4.489795e-02 -1.049320e-04 -3.575881e-02 2.066345e-03
311            -9.525180e-03 -3.889106e+00 -3.737995e-02 -9.417648e-03 -3.852509e+00 -3.944685e-02 -1.075324e-04 -3.659707e-02 2.066906e-03
312            -9.412734e-03 -3.804443e+00 -2.704276e-02 -9.303906e-03 -3.767690e+00 -2.917504e-02 -1.088285e-04 -3.675317e-02 2.132275e-03
313            -9.103753e-03 -3.637938e+00 -1.221650e-02 -8.995126e-03 -3.601802e+00 -1.449931e-02 -1.086263e-04 -3.613611e-02 2.282806e-03
314            -8.658858e-03 -3.421979e+00 4.656311e-03 -8.551807e-03 -3.387112e+00 2.150484e-03 -1.070518e-04 -3.486733e-02 2.505827e-03
315            -8.164288e-03 -3.201729e+00 1.906649e-02 -8.059884e-03 -3.168499e+00 1.630725e-02 -1.044039e-04 -3.323017e-02 2.759235e-03
316            -7.714164e-03 -3.023555e+00 2.601854e-02 -7.612930e-03 -2.991926e+00 2.305690e-02 -1.012340e-04 -3.162867e-02 2.961633e-03
317            -7.394386e-03 -2.922692e+00 2.351708e-02 -7.296194e-03 -2.892279e+00 2.045798e-02 -9.819169e-05 -3.041250e-02 3.059099e-03
318            -7.264317e-03 -2.915555e+00 1.297522e-02 -7.168309e-03 -2.885730e+00 9.927210e-03 -9.600811e-05 -2.982458e-02 3.048014e-03
319            -7.345768e-03 -2.998973e+00 -2.077500e-03 -7.250632e-03 -2.969060e+00 -5.043704e-03 -9.513570e-05 -2.991330e-02 2.966205e-03
320            -7.622067e-03 -3.154204e+00 -1.761607e-02 -7.526276e-03 -3.123545e+00 -2.045384e-02 -9.579168e-05 -3.065852e-02 2.837775e-03
321            -8.043385e-03 -3.353022e+00 -3.058703e-02 -7.945637e-03 -3.321113e+00 -3.327022e-02 -9.774865e-05 -3.190916e-02 2.683186e-03
322            -8.537479e-03 -3.563584e+00 -3.964893e-02 -8.436764e-03 -3.530081e+00 -4.216697e-02 -1.007156e-04 -3.350337e-02 2.518040e-03
323            -9.017851e-03 -3.752439e+00 -4.461251e-02 -8.913668e-03 -3.717242e+00 -4.697785e-02 -1.041835e-04 -3.519639e-02 2.365346e-03
324            -9.398664e-03 -3.887819e+00 -4.561639e-02 -9.291032e-03 -3.851091e+00 -4.785889e-02 -1.076322e-04 -3.672784e-02 2.242500e-03
325            -9.608836e-03 -3.944066e+00 -4.257137e-02 -9.498415e-03 -3.906250e+00 -4.474097e-02 -1.104211e-04 -3.781630e-02 2.169598e-03
326            -9.608275e-03 -3.907175e+00 -3.485519e-02 -9.496243e-03 -3.868929e+00 -3.701104e-02 -1.120320e-04 -3.824635e-02 2.155852e-03
327            -9.394774e-03 -3.779030e+00 -2.212524e-02 -9.282671e-03 -3.741164e+00 -2.435233e-02 -1.121024e-04 -3.786583e-02 2.227086e-03
328            -9.008608e-03 -3.582014e+00 -5.731917e-03 -8.898040e-03 -3.545297e+00 -8.106756e-03 -1.105680e-04 -3.671689e-02 2.374838e-03
329            -8.523588e-03 -3.355861e+00 1.067874e-02 -8.415963e-03 -3.320858e+00 8.099933e-03 -1.076248e-04 -3.500344e-02 2.578804e-03
330            -8.031374e-03 -3.147793e+00 2.199102e-02 -7.927552e-03 -3.114681e+00 1.921995e-02 -1.038212e-04 -3.311169e-02 2.771065e-03
331            -7.623945e-03 -2.999599e+00 2.449372e-02 -7.524180e-03 -2.968180e+00 2.161157e-02 -9.976511e-05 -3.141951e-02 2.882149e-03
332            -7.377745e-03 -2.937740e+00 1.803757e-02 -7.281587e-03 -2.907492e+00 1.516433e-02 -9.615853e-05 -3.024810e-02 2.873240e-03
333            -7.333867e-03 -2.968509e+00 5.217706e-03 -7.240326e-03 -2.938795e+00 2.448892e-03 -9.354115e-05 -2.971422e-02 2.768814e-03
334            -7.495026e-03 -3.080944e+00 -1.020654e-02 -7.402508e-03 -3.051089e+00 -1.282782e-02 -9.251712e-05 -2.985489e-02 2.621284e-03
335            -7.826032e-03 -3.250811e+00 -2.451596e-02 -7.733025e-03 -3.220234e+00 -2.696685e-02 -9.300766e-05 -3.057612e-02 2.450892e-03
336            -8.266777e-03 -3.448530e+00 -3.547885e-02 -8.171914e-03 -3.416773e+00 -3.775091e-02 -9.486356e-05 -3.175710e-02 2.272052e-03
337            -8.738318e-03 -3.641417e+00 -4.228496e-02 -8.640751e-03 -3.608236e+00 -4.438767e-02 -9.756648e-05 -3.318141e-02 2.102708e-03
338            -9.154781e-03 -3.796869e+00 -4.492076e-02 -9.054108e-03 -3.762243e+00 -4.688132e-02 -1.006733e-04 -3.462625e-02 1.960560e-03
339            -9.437116e-03 -3.886170e+00 -4.346543e-02 -9.333457e-03 -3.850360e+00 -4.534479e-02 -1.036587e-04 -3.580935e-02 1.879361e-03
340            -9.528546e-03 -3.889506e+00 -3.769122e-02 -9.422543e-03 -3.853005e+00 -3.956277e-02 -1.060034e-04 -3.650052e-02 1.871551e-03
341            -9.408829e-03 -3.800844e+00 -2.691914e-02 -9.301677e-03 -3.764329e+00 -2.886346e-02 -1.071528e-04 -3.651588e-02 1.944314e-03
342            -9.098631e-03 -3.632219e+00 -1.148900e-02 -8.991741e-03 -3.596412e+00 -1.358563e-02 -1.068898e-04 -3.580730e-02 2.096623e-03
343            -8.656976e-03 -3.415590e+00 6.035431e-03 -8.551712e-03 -3.381116e+00 3.712145e-03 -1.052640e-04 -3.447356e-02 2.323286e-03
344            -8.166855e-03 -3.195764e+00 2.086590e-02 -8.064257e-03 -3.162945e+00 1.829444e-02 -1.025978e-04 -3.281824e-02 2.571458e-03
345            -7.718333e-03 -3.018067e+00 2.801097e-02 -7.618828e-03 -2.986866e+00 2.522375e-02 -9.950447e-05 -3.120035e-02 2.787225e-03
346            -7.397402e-03 -2.917468e+00 2.549491e-02 -7.300731e-03 -2.887475e+00 2.259098e-02 -9.667135e-05 -2.999257e-02 2.903928e-03
347            -7.263461e-03 -2.909548e+00 1.489307e-02 -7.168871e-03 -2.880163e+00 1.198046e-02 -9.459058e-05 -2.938442e-02 2.912615e-03
348            -7.339105e-03 -2.991330e+00 -3.921353e-04 -7.245377e-03 -2.961861e+00 -3.225899e-03 -9.372822e-05 -2.946859e-02 2.833764e-03
349            -7.605896e-03 -3.143894e+00 -1.641246e-02 -7.511615e-03 -3.113710e+00 -1.912293e-02 -9.428105e-05 -3.018368e-02 2.710469e-03
350            -8.014542e-03 -3.339576e+00 -3.010174e-02 -7.918289e-03 -3.308164e+00 -3.267139e-02 -9.625342e-05 -3.141253e-02 2.569643e-03
351            -8.494972e-03 -3.546887e+00 -3.986926e-02 -8.395600e-03 -3.513912e+00 -4.230970e-02 -9.937161e-05 -3.297537e-02 2.440440e-03
352            -8.965143e-03 -3.733031e+00 -4.527697e-02 -8.862014e-03 -3.698375e+00 -4.760823e-02 -1.031289e-04 -3.465640e-02 2.331261e-03
353            -9.340534e-03 -3.866377e+00 -4.642843e-02 -9.233704e-03 -3.830199e+00 -4.868275e-02 -1.068299e-04 -3.617779e-02 2.254317e-03
354            -9.551087e-03 -3.922038e+00 -4.335802e-02 -9.441146e-03 -3.884744e+00 -4.558197e-02 -1.099410e-04 -3.729403e-02 2.223943e-03
355            -9.554557e-03 -3.885989e+00 -3.553449e-02 -9.442602e-03 -3.848221e+00 -3.780070e-02 -1.119544e-04 -3.776731e-02 2.266206e-03
356            -9.349269e-03 -3.760738e+00 -2.268975e-02 -9.236702e-03 -3.723246e+00 -2.507721e-02 -1.125671e-04 -3.749210e-02 2.387455e-03
357            -8.975442e-03 -3.568191e+00 -6.035419e-03 -8.863888e-03 -3.531728e+00 -8.614371e-03 -1.115534e-04 -3.646292e-02 2.578953e-03
358            -8.506928e-03 -3.347820e+00 1.067192e-02 -8.397913e-03 -3.312922e+00 7.875272e-03 -1.090153e-04 -3.489879e-02 2.796647e-03
359            -8.030767e-03 -3.145753e+00 2.213405e-02 -7.925518e-03 -3.112626e+00 1.915917e-02 -1.052487e-04 -3.312750e-02 2.974884e-03
360            -7.635903e-03 -3.003111e+00 2.446765e-02 -7.534940e-03 -2.971572e+00 2.142836e-02 -1.009627e-04 -3.153846e-02 3.039287e-03
361            -7.397485e-03 -2.945711e+00 1.769819e-02 -7.300263e-03 -2.915301e+00 1.468468e-02 -9.722117e-05 -3.041001e-02 3.013512e-03
362            -7.358240e-03 -2.979972e+00 4.466479e-03 -7.263497e-03 -2.950054e+00 1.547890e-03 -9.474233e-05 -2.991796e-02 2.918589e-03
363            -7.520486e-03 -3.094322e+00 -1.140830e-02 -7.426850e-03 -3.064252e+00 -1.417624e-02 -9.363658e-05 -3.006969e-02 2.767938e-03
364            -7.850236e-03 -3.265002e+00 -2.631165e-02 -7.756272e-03 -3.234202e+00 -2.889112e-02 -9.396399e-05 -3.080060e-02 2.579479e-03
365            -8.286164e-03 -3.462211e+00 -3.799210e-02 -8.190640e-03 -3.430262e+00 -4.037473e-02 -9.552470e-05 -3.194921e-02 2.382629e-03
366            -8.750733e-03 -3.653933e+00 -4.557682e-02 -8.652647e-03 -3.620591e+00 -4.778124e-02 -9.808545e-05 -3.334256e-02 2.204421e-03
367            -9.159482e-03 -3.807675e+00 -4.885032e-02 -9.058402e-03 -3.772945e+00 -5.091366e-02 -1.010799e-04 -3.473061e-02 2.063343e-03
368            -9.436028e-03 -3.895157e+00 -4.780599e-02 -9.332142e-03 -3.859293e+00 -4.977193e-02 -1.038854e-04 -3.586412e-02 1.965942e-03
369            -9.523636e-03 -3.896627e+00 -4.217954e-02 -9.417744e-03 -3.860133e+00 -4.410955e-02 -1.058921e-04 -3.649482e-02 1.930008e-03
370            -9.401339e-03 -3.806443e+00 -3.143578e-02 -9.294541e-03 -3.769973e+00 -3.341295e-02 -1.067986e-04 -3.646994e-02 1.977171e-03
371            -9.088212e-03 -3.636648e+00 -1.591626e-02 -8.981846e-03 -3.600939e+00 -1.803591e-02 -1.063666e-04 -3.570927e-02 2.119647e-03
372            -8.644918e-03 -3.419624e+00 1.844007e-03 -8.540230e-03 -3.385281e+00 -4.948083e-04 -1.046880e-04 -3.434320e-02 2.338815e-03
373            -8.155204e-03 -3.199689e+00 1.718007e-02 -8.053202e-03 -3.167046e+00 1.459029e-02 -1.020025e-04 -3.264250e-02 2.589781e-03
374            -7.709069e-03 -3.022086e+00 2.493270e-02 -7.610130e-03 -2.991067e+00 2.213529e-02 -9.893902e-05 -3.101849e-02 2.797416e-03
375            -7.389263e-03 -2.920928e+00 2.308754e-02 -7.293140e-03 -2.891135e+00 2.017475e-02 -9.612346e-05 -2.979285e-02 2.912790e-03
376            -7.253354e-03 -2.911838e+00 1.303493e-02 -7.159084e-03 -2.882637e+00 1.010493e-02 -9.427066e-05 -2.920155e-02 2.930003e-03
377            -7.323571e-03 -2.991464e+00 -1.706196e-03 -7.229840e-03 -2.962172e+00 -4.580739e-03 -9.373057e-05 -2.929145e-02 2.874543e-03
378            -7.584472e-03 -3.141277e+00 -1.711512e-02 -7.489883e-03 -3.111253e+00 -1.987690e-02 -9.458878e-05 -3.002318e-02 2.761782e-03
379            -7.986758e-03 -3.333535e+00 -3.020755e-02 -7.890083e-03 -3.302279e+00 -3.282491e-02 -9.667480e-05 -3.125586e-02 2.617357e-03
380            -8.460113e-03 -3.537177e+00 -3.954975e-02 -8.360286e-03 -3.504341e+00 -4.201793e-02 -9.982727e-05 -3.283568e-02 2.468176e-03
381            -8.920688e-03 -3.719284e+00 -4.472508e-02 -8.817042e-03 -3.684765e+00 -4.707417e-02 -1.036465e-04 -3.451954e-02 2.349096e-03
382            -9.286847e-03 -3.848972e+00 -4.569693e-02 -9.179316e-03 -3.812905e+00 -4.795886e-02 -1.075315e-04 -3.606715e-02 2.261927e-03
383            -9.490651e-03 -3.901502e+00 -4.232413e-02 -9.379904e-03 -3.864310e+00 -4.454298e-02 -1.107466e-04 -3.719119e-02 2.218851e-03
384            -9.492755e-03 -3.863599e+00 -3.409899e-02 -9.379946e-03 -3.825903e+00 -3.632896e-02 -1.128094e-04 -3.769580e-02 2.229973e-03
385            -9.291216e-03 -3.737762e+00 -2.078987e-02 -9.177806e-03 -3.700316e+00 -2.310899e-02 -1.134102e-04 -3.744558e-02 2.319125e-03
386            -8.926530e-03 -3.546491e+00 -3.785763e-03 -8.813928e-03 -3.510015e+00 -6.277277e-03 -1.126022e-04 -3.647586e-02 2.491514e-03
387            -8.470758e-03 -3.329062e+00 1.311378e-02 -8.360158e-03 -3.294082e+00 1.038272e-02 -1.106003e-04 -3.498021e-02 2.731057e-03
388            -8.010878e-03 -3.131697e+00 2.451613e-02 -7.902951e-03 -3.098376e+00 2.153677e-02 -1.079272e-04 -3.332175e-02 2.979360e-03
389            -7.632816e-03 -2.994586e+00 2.655209e-02 -7.527655e-03 -2.962727e+00 2.337960e-02 -1.051615e-04 -3.185819e-02 3.172497e-03
390            -7.408876e-03 -2.942857e+00 1.909221e-02 -7.305846e-03 -2.911960e+00 1.581244e-02 -1.030303e-04 -3.089670e-02 3.279774e-03
391            -7.378790e-03 -2.981840e+00 4.882844e-03 -7.276898e-03 -2.951291e+00 1.574246e-03 -1.018924e-04 -3.054902e-02 3.308598e-03
392            -7.544801e-03 -3.099993e+00 -1.218637e-02 -7.442996e-03 -3.069150e+00 -1.543703e-02 -1.018049e-04 -3.084291e-02 3.250659e-03
393            -7.872528e-03 -3.273178e+00 -2.839494e-02 -7.769990e-03 -3.241504e+00 -3.150312e-02 -1.025381e-04 -3.167467e-02 3.108185e-03
394            -8.304029e-03 -3.472047e+00 -4.130255e-02 -8.199962e-03 -3.439135e+00 -4.421564e-02 -1.040678e-04 -3.291292e-02 2.913083e-03
395            -8.762783e-03 -3.664480e+00 -4.992623e-02 -8.656513e-03 -3.630128e+00 -5.265083e-02 -1.062700e-04 -3.435189e-02 2.724606e-03
396            -9.166314e-03 -3.818448e+00 -5.401682e-02 -9.057531e-03 -3.782680e+00 -5.658194e-02 -1.087831e-04 -3.576766e-02 2.565124e-03
397            -9.437113e-03 -3.905592e+00 -5.357742e-02 -9.326202e-03 -3.868706e+00 -5.602252e-02 -1.109107e-04 -3.688613e-02 2.445100e-03
398            -9.520382e-03 -3.906737e+00 -4.833738e-02 -9.408254e-03 -3.869253e+00 -5.070958e-02 -1.121273e-04 -3.748431e-02 2.372202e-03
399            -9.395636e-03 -3.816229e+00 -3.768924e-02 -9.283565e-03 -3.778858e+00 -4.006780e-02 -1.120718e-04 -3.737045e-02 2.378555e-03
400            -9.083723e-03 -3.646822e+00 -2.207690e-02 -8.973095e-03 -3.610315e+00 -2.454710e-02 -1.106286e-04 -3.650731e-02 2.470194e-03
401            -8.643166e-03 -3.430507e+00 -4.127330e-03 -8.535355e-03 -3.395500e+00 -6.761185e-03 -1.078115e-04 -3.500670e-02 2.633854e-03
402            -8.157061e-03 -3.211722e+00 1.141823e-02 -8.052990e-03 -3.178531e+00 8.595042e-03 -1.040712e-04 -3.319134e-02 2.823190e-03
403            -7.713293e-03 -3.034893e+00 1.947490e-02 -7.613428e-03 -3.003472e+00 1.651035e-02 -9.986450e-05 -3.142073e-02 2.964550e-03
404            -7.395030e-03 -2.933939e+00 1.800952e-02 -7.299092e-03 -2.903881e+00 1.500717e-02 -9.593786e-05 -3.005759e-02 3.002346e-03
405            -7.258895e-03 -2.923868e+00 8.408240e-03 -7.165976e-03 -2.894572e+00 5.467035e-03 -9.291933e-05 -2.929640e-02 2.941205e-03
406            -7.326590e-03 -3.001368e+00 -5.927606e-03 -7.235210e-03 -2.972137e+00 -8.739125e-03 -9.138031e-05 -2.923079e-02 2.811520e-03
407            -7.581167e-03 -3.147719e+00 -2.098264e-02 -7.489719e-03 -3.117917e+00 -2.363053e-02 -9.144821e-05 -2.980157e-02 2.647895e-03
408            -7.975445e-03 -3.335881e+00 -3.373864e-02 -7.882423e-03 -3.304989e+00 -3.620902e-02 -9.302237e-05 -3.089193e-02 2.470372e-03
409            -8.439242e-03 -3.534805e+00 -4.275040e-02 -8.343488e-03 -3.502472e+00 -4.504943e-02 -9.575464e-05 -3.233364e-02 2.299022e-03
410            -8.890459e-03 -3.712156e+00 -4.760766e-02 -8.791253e-03 -3.678233e+00 -4.975605e-02 -9.920626e-05 -3.392367e-02 2.148388e-03
411            -9.246240e-03 -3.836937e+00 -4.827644e-02 -9.143423e-03 -3.801560e+00 -5.032534e-02 -1.028176e-04 -3.537700e-02 2.048906e-03
412            -9.439960e-03 -3.884995e+00 -4.457208e-02 -9.333939e-03 -3.848549e+00 -4.658413e-02 -1.060213e-04 -3.644604e-02 2.012056e-03
413            -9.433777e-03 -3.843318e+00 -3.582087e-02 -9.325607e-03 -3.806418e+00 -3.786908e-02 -1.081705e-04 -3.689973e-02 2.048208e-03
414            -9.227541e-03 -3.715045e+00 -2.188358e-02 -9.118595e-03 -3.678406e+00 -2.404509e-02 -1.089462e-04 -3.663863e-02 2.161508e-03
415            -8.861569e-03 -3.522843e+00 -4.244713e-03 -8.753350e-03 -3.487175e+00 -6.595824e-03 -1.082188e-04 -3.566813e-02 2.351111e-03
416            -8.408662e-03 -3.306399e+00 1.322812e-02 -8.302375e-03 -3.272181e+00 1.063748e-02 -1.062868e-04 -3.421795e-02 2.590639e-03
417            -7.954852e-03 -3.111299e+00 2.528461e-02 -7.851253e-03 -3.078679e+00 2.245647e-02 -1.035991e-04 -3.261999e-02 2.828149e-03
418            -7.587822e-03 -2.977741e+00 2.819099e-02 -7.487059e-03 -2.946473e+00 2.520912e-02 -1.007630e-04 -3.126770e-02 2.981869e-03
419            -7.378251e-03 -2.929967e+00 2.184852e-02 -7.279906e-03 -2.899542e+00 1.882712e-02 -9.834463e-05 -3.042478e-02 3.021400e-03
420            -7.365150e-03 -2.973208e+00 8.858869e-03 -7.268177e-03 -2.942959e+00 5.897533e-03 -9.697268e-05 -3.024823e-02 2.961336e-03
421            -7.548232e-03 -3.095292e+00 -6.935033e-03 -7.451261e-03 -3.064572e+00 -9.782040e-03 -9.697093e-05 -3.071948e-02 2.847007e-03
422            -7.892876e-03 -3.272167e+00 -2.185262e-02 -7.794457e-03 -3.240409e+00 -2.455807e-02 -9.841900e-05 -3.175820e-02 2.705454e-03
423            -8.339713e-03 -3.474178e+00 -3.350013e-02 -8.238645e-03 -3.440987e+00 -3.606449e-02 -1.010686e-04 -3.319097e-02 2.564361e-03
424            -8.811938e-03 -3.669411e+00 -4.109616e-02 -8.707399e-03 -3.634584e+00 -4.353683e-02 -1.045394e-04 -3.482700e-02 2.440672e-03
425            -9.224639e-03 -3.825539e+00 -4.452382e-02 -9.116430e-03 -3.789141e+00 -4.687518e-02 -1.082091e-04 -3.639854e-02 2.351352e-03
426            -9.501023e-03 -3.914656e+00 -4.385441e-02 -9.389581e-03 -3.877006e+00 -4.615601e-02 -1.114422e-04 -3.765013e-02 2.301601e-03
427            -9.586311e-03 -3.917399e+00 -3.865601e-02 -9.473005e-03 -3.879077e+00 -4.092669e-02 -1.133061e-04 -3.832240e-02 2.270680e-03
428            -9.464458e-03 -3.828969e+00 -2.814425e-02 -9.351162e-03 -3.790690e+00 -3.038970e-02 -1.132959e-04 -3.827895e-02 2.245452e-03
429            -9.157441e-03 -3.661922e+00 -1.264117e-02 -9.045933e-03 -3.624472e+00 -1.491420e-02 -1.115080e-04 -3.745049e-02 2.273033e-03
430            -8.726285e-03 -3.448934e+00 5.191196e-03 -8.617598e-03 -3.412960e+00 2.781017e-03 -1.086866e-04 -3.597425e-02 2.410179e-03
431            -8.250422e-03 -3.233897e+00 2.038111e-02 -8.145108e-03 -3.199771e+00 1.774030e-02 -1.053138e-04 -3.412582e-02 2.640809e-03
432            -7.815543e-03 -3.060915e+00 2.771702e-02 -7.713918e-03 -3.028596e+00 2.487536e-02 -1.016246e-04 -3.231918e-02 2.841662e-03
433            -7.501928e-03 -2.962832e+00 2.530221e-02 -7.403887e-03 -2.931944e+00 2.236774e-02 -9.804122e-05 -3.088774e-02 2.934471e-03
434            -7.366589e-03 -2.954185e+00 1.469174e-02 -7.271421e-03 -2.924128e+00 1.178794e-02 -9.516775e-05 -3.005730e-02 2.903807e-03
435            -7.430994e-03 -3.031118e+00 -5.209933e-04 -7.337552e-03 -3.001265e+00 -3.317640e-03 -9.344197e-05 -2.985249e-02 2.796647e-03
436            -7.678141e-03 -3.175039e+00 -1.635314e-02 -7.585052e-03 -3.144784e+00 -1.899221e-02 -9.308954e-05 -3.025560e-02 2.639075e-03
437            -8.059352e-03 -3.358670e+00 -2.977844e-02 -7.965202e-03 -3.327522e+00 -3.225141e-02 -9.415009e-05 -3.114812e-02 2.472965e-03
438            -8.506093e-03 -3.551699e+00 -3.940377e-02 -8.409700e-03 -3.519301e+00 -4.171473e-02 -9.639321e-05 -3.239730e-02 2.310966e-03
439            -8.937487e-03 -3.721897e+00 -4.473679e-02 -8.838170e-03 -3.688135e+00 -4.691520e-02 -9.931671e-05 -3.376200e-02 2.178415e-03
440            -9.273386e-03 -3.839223e+00 -4.584002e-02 -9.171022e-03 -3.804216e+00 -4.792223e-02 -1.023637e-04 -3.500690e-02 2.082217e-03
441            -9.447409e-03 -3.879988e+00 -4.254880e-02 -9.342488e-03 -3.844112e+00 -4.458888e-02 -1.049209e-04 -3.587622e-02 2.040085e-03
442            -9.423145e-03 -3.832119e+00 -3.427864e-02 -9.316477e-03 -3.795929e+00 -3.635679e-02 -1.066684e-04 -3.618991e-02 2.078154e-03
443            -9.201947e-03 -3.699363e+00 -2.076461e-02 -9.094815e-03 -3.663553e+00 -2.296654e-02 -1.071322e-04 -3.580944e-02 2.201932e-03
444            -8.826409e-03 -3.505030e+00 -3.472269e-03 -8.720196e-03 -3.470257e+00 -5.870300e-03 -1.062127e-04 -3.477224e-02 2.398030e-03
445            -8.368505e-03 -3.288449e+00 1.367457e-02 -8.264441e-03 -3.255175e+00 1.103256e-02 -1.040634e-04 -3.327310e-02 2.642006e-03
446            -7.913556e-03 -3.095047e+00 2.525250e-02 -7.812329e-03 -3.063372e+00 2.237772e-02 -1.012271e-04 -3.167503e-02 2.874782e-03
447            -7.544972e-03 -2.963636e+00 2.752527e-02 -7.446696e-03 -2.933313e+00 2.449342e-02 -9.827574e-05 -3.032287e-02 3.031855e-03
448            -7.333485e-03 -2.918073e+00 2.051734e-02 -7.237598e-03 -2.888567e+00 1.743914e-02 -9.588635e-05 -2.950583e-02 3.078204e-03
449            -7.318049e-03 -2.962632e+00 7.123841e-03 -7.223557e-03 -2.933305e+00 4.095792e-03 -9.449213e-05 -2.932689e-02 3.028049e-03
450            -7.500096e-03 -3.085151e+00 -8.786363e-03 -7.405712e-03 -3.055350e+00 -1.169148e-02 -9.438361e-05 -2.980053e-02 2.905119e-03
451            -7.844342e-03 -3.261495e+00 -2.362669e-02 -7.748798e-03 -3.230674e+00 -2.636677e-02 -9.554471e-05 -3.082149e-02 2.740083e-03
452            -8.290535e-03 -3.462434e+00 -3.525765e-02 -8.192638e-03 -3.430183e+00 -3.781881e-02 -9.789710e-05 -3.225068e-02 2.561160e-03
453            -8.761710e-03 -3.656133e+00 -4.276862e-02 -8.660592e-03 -3.622250e+00 -4.517088e-02 -1.011183e-04 -3.388312e-02 2.402255e-03
454            -9.176151e-03 -3.811021e+00 -4.594475e-02 -9.071456e-03 -3.775529e+00 -4.821641e-02 -1.046956e-04 -3.549212e-02 2.271653e-03
455            -9.458217e-03 -3.899343e+00 -4.479616e-02 -9.350318e-03 -3.862550e+00 -4.697691e-02 -1.078995e-04 -3.679291e-02 2.180750e-03
456            -9.554153e-03 -3.902629e+00 -3.908761e-02 -9.443973e-03 -3.865061e+00 -4.122471e-02 -1.101810e-04 -3.756798e-02 2.137101e-03
457            -9.443775e-03 -3.815830e+00 -2.827392e-02 -9.332625e-03 -3.778197e+00 -3.044350e-02 -1.111501e-04 -3.763238e-02 2.169578e-03
458            -9.147559e-03 -3.652038e+00 -1.287592e-02 -9.036844e-03 -3.615092e+00 -1.516424e-02 -1.107150e-04 -3.694648e-02 2.288322e-03
459            -8.724816e-03 -3.443507e+00 4.482318e-03 -8.615911e-03 -3.407889e+00 1.997268e-03 -1.089049e-04 -3.561786e-02 2.485051e-03
460            -8.256609e-03 -3.233882e+00 1.894619e-02 -8.150591e-03 -3.199950e+00 1.624014e-02 -1.060178e-04 -3.393278e-02 2.706053e-03
461            -7.829499e-03 -3.066605e+00 2.556513e-02 -7.727032e-03 -3.034352e+00 2.268864e-02 -1.024669e-04 -3.225323e-02 2.876487e-03
462            -7.523674e-03 -2.974163e+00 2.249772e-02 -7.424661e-03 -2.943215e+00 1.955417e-02 -9.901294e-05 -3.094791e-02 2.943547e-03
463            -7.393964e-03 -2.970241e+00 1.139945e-02 -7.297655e-03 -2.940028e+00 8.487218e-03 -9.630933e-05 -3.021285e-02 2.912235e-03
464            -7.463131e-03 -3.051068e+00 -4.127622e-03 -7.368311e-03 -3.020931e+00 -6.925395e-03 -9.482031e-05 -3.013715e-02 2.797772e-03
465            -7.714442e-03 -3.197544e+00 -2.003543e-02 -7.619837e-03 -3.166889e+00 -2.266221e-02 -9.460459e-05 -3.065484e-02 2.626773e-03
466            -8.099556e-03 -3.382486e+00 -3.344275e-02 -8.003943e-03 -3.350836e+00 -3.586765e-02 -9.561278e-05 -3.164995e-02 2.424900e-03
467            -8.548688e-03 -3.575254e+00 -4.290864e-02 -8.451005e-03 -3.542318e+00 -4.514594e-02 -9.768307e-05 -3.293612e-02 2.237295e-03
468            -8.980095e-03 -3.743884e+00 -4.798042e-02 -8.879671e-03 -3.709570e+00 -5.006063e-02 -1.004240e-04 -3.431409e-02 2.080210e-03
469            -9.313612e-03 -3.858501e+00 -4.861314e-02 -9.210337e-03 -3.822963e+00 -5.058563e-02 -1.032751e-04 -3.553781e-02 1.972488e-03
470            -9.484983e-03 -3.896041e+00 -4.467950e-02 -9.379388e-03 -3.859672e+00 -4.659408e-02 -1.055950e-04 -3.636919e-02 1.914582e-03
471            -9.457461e-03 -3.844491e+00 -3.570068e-02 -9.350614e-03 -3.807896e+00 -3.762540e-02 -1.068469e-04 -3.659578e-02 1.924720e-03
472            -9.232617e-03 -3.708259e+00 -2.163504e-02 -9.125773e-03 -3.672128e+00 -2.365368e-02 -1.068445e-04 -3.613122e-02 2.018642e-03
473            -8.851342e-03 -3.510698e+00 -4.042644e-03 -8.745784e-03 -3.475710e+00 -6.248686e-03 -1.055577e-04 -3.498821e-02 2.206042e-03
474            -8.387614e-03 -3.291823e+00 1.318997e-02 -8.284346e-03 -3.258412e+00 1.073586e-02 -1.032684e-04 -3.341116e-02 2.454108e-03
475            -7.927863e-03 -3.096783e+00 2.486000e-02 -7.827639e-03 -3.065057e+00 2.217083e-02 -1.002248e-04 -3.172517e-02 2.689169e-03
476            -7.556932e-03 -2.964510e+00 2.718829e-02 -7.459852e-03 -2.934194e+00 2.435019e-02 -9.707996e-05 -3.031622e-02 2.838103e-03
477            -7.342875e-03 -2.918122e+00 2.014051e-02 -7.248424e-03 -2.888685e+00 1.726164e-02 -9.445121e-05 -2.943652e-02 2.878863e-03
478            -7.322453e-03 -2.961745e+00 6.413669e-03 -7.229524e-03 -2.932525e+00 3.585663e-03 -9.292926e-05 -2.921960e-02 2.828007e-03
479            -7.496356e-03 -3.082711e+00 -9.915687e-03 -7.403559e-03 -3.053055e+00 -1.263657e-02 -9.279624e-05 -2.965641e-02 2.720887e-03
480            -7.831430e-03 -3.257043e+00 -2.513739e-02 -7.737378e-03 -3.226382e+00 -2.771279e-02 -9.405191e-05 -3.066096e-02 2.575399e-03
481            -8.268401e-03 -3.455214e+00 -3.698230e-02 -8.172043e-03 -3.423154e+00 -3.939125e-02 -9.635831e-05 -3.206010e-02 2.408953e-03
482            -8.731015e-03 -3.645798e+00 -4.464810e-02 -8.631538e-03 -3.612122e+00 -4.689951e-02 -9.947713e-05 -3.367535e-02 2.251405e-03
483            -9.135084e-03 -3.796954e+00 -4.799233e-02 -9.032160e-03 -3.761713e+00 -5.012493e-02 -1.029237e-04 -3.524120e-02 2.132602e-03
484            -9.406239e-03 -3.881502e+00 -4.694598e-02 -9.300074e-03 -3.844991e+00 -4.901205e-02 -1.061648e-04 -3.651119e-02 2.066071e-03
485            -9.492657e-03 -3.881190e+00 -4.106952e-02 -9.384086e-03 -3.843947e+00 -4.313471e-02 -1.085715e-04 -3.724258e-02 2.065189e-03
486            -9.377818e-03 -3.791816e+00 -2.980349e-02 -9.268138e-03 -3.754530e+00 -3.193621e-02 -1.096798e-04 -3.728618e-02 2.132722e-03
487            -9.082800e-03 -3.627034e+00 -1.380010e-02 -8.973506e-03 -3.590446e+00 -1.608198e-02 -1.092946e-04 -3.658718e-02 2.281882e-03
488            -8.666479e-03 -3.419860e+00 4.008935e-03 -8.558888e-03 -3.384566e+00 1.509292e-03 -1.075902e-04 -3.529412e-02 2.499643e-03
489            -8.208510e-03 -3.213786e+00 1.877718e-02 -8.103635e-03 -3.180107e+00 1.603175e-02 -1.048759e-04 -3.367865e-02 2.745426e-03
490            -7.795722e-03 -3.052166e+00 2.557497e-02 -7.694055e-03 -3.020032e+00 2.264306e-02 -1.016672e-04 -3.213317e-02 2.931913e-03
491            -7.507118e-03 -2.966257e+00 2.277847e-02 -7.408636e-03 -2.935298e+00 1.977233e-02 -9.848125e-05 -3.095905e-02 3.006141e-03
492            -7.396048e-03 -2.969042e+00 1.197524e-02 -7.300169e-03 -2.938674e+00 9.023503e-03 -9.587945e-05 -3.036766e-02 2.951740e-03
493            -7.480393e-03 -3.055497e+00 -3.323588e-03 -7.386158e-03 -3.025102e+00 -6.122097e-03 -9.423531e-05 -3.039506e-02 2.798509e-03
494            -7.742016e-03 -3.206280e+00 -1.910947e-02 -7.648116e-03 -3.175279e+00 -2.170191e-02 -9.390046e-05 -3.100048e-02 2.592448e-03
495            -8.132304e-03 -3.394119e+00 -3.246278e-02 -8.037450e-03 -3.362075e+00 -3.483791e-02 -9.485441e-05 -3.204382e-02 2.375127e-03
496            -8.582828e-03 -3.588468e+00 -4.193210e-02 -8.485916e-03 -3.555089e+00 -4.410300e-02 -9.691223e-05 -3.337832e-02 2.170892e-03
497            -9.012279e-03 -3.757187e+00 -4.704364e-02 -8.912685e-03 -3.722409e+00 -4.904386e-02 -9.959359e-05 -3.477858e-02 2.000218e-03
498            -9.341116e-03 -3.870736e+00 -4.780361e-02 -9.238766e-03 -3.834724e+00 -4.967546e-02 -1.023501e-04 -3.601133e-02 1.871855e-03
499            -9.504368e-03 -3.906030e+00 -4.404056e-02 -9.399831e-03 -3.869219e+00 -4.584243e-02 -1.045369e-04 -3.681107e-02 1.801872e-03
500            -9.468215e-03 -3.852008e+00 -3.513428e-02 -9.362459e-03 -3.815008e+00 -3.694082e-02 -1.057560e-04 -3.700002e-02 1.806543e-03
