# Force       
# CofR        : (-1.000000e+01 0.000000e+00 0.000000e+00)
#
# Time        	total_x total_y total_z	pressure_x pressure_y pressure_z	viscous_x viscous_y viscous_z
1              9.497519e+01 -2.596184e-03 2.172151e+01 9.480140e+01 -2.595923e-03 2.172320e+01 1.737894e-01 -2.606695e-07 -1.691935e-03
2              2.185221e+01 5.389182e-02 5.728096e+00 2.665276e+01 5.343076e-02 5.920995e+00 -4.800550e+00 4.610565e-04 -1.928993e-01
3              1.708069e+02 5.197846e-01 -5.419319e+00 1.717573e+02 5.188329e-01 -5.340934e+00 -9.503849e-01 9.516677e-04 -7.838483e-02
4              3.166546e+01 2.984411e-01 -1.585603e+01 3.193322e+01 2.985817e-01 -1.583779e+01 -2.677545e-01 -1.406691e-04 -1.823703e-02
5              5.081034e+00 1.801504e-01 -3.963034e+00 5.151519e+00 1.798049e-01 -3.979182e+00 -7.048475e-02 3.454659e-04 1.614768e-02
6              6.586989e+00 1.274574e-01 5.593778e+00 6.552082e+00 1.270793e-01 5.564480e+00 3.490764e-02 3.780575e-04 2.929854e-02
7              8.829397e+00 1.641364e-02 9.120004e+00 8.677575e+00 1.626819e-02 9.075219e+00 1.518220e-01 1.454490e-04 4.478471e-02
8              8.403296e+00 6.574177e-02 6.507169e+00 8.202848e+00 6.545870e-02 6.451823e+00 2.004486e-01 2.830781e-04 5.534605e-02
9              6.368327e+00 7.641051e-02 2.770692e+00 6.130864e+00 7.336640e-02 2.725550e+00 2.374628e-01 3.044111e-03 4.514165e-02
10             3.867968e+00 7.253670e-02 -1.470880e+00 3.669665e+00 6.946934e-02 -1.493525e+00 1.983028e-01 3.067358e-03 2.264462e-02
11             2.479718e+00 2.112976e-02 -4.454426e+00 2.278273e+00 1.863538e-02 -4.466024e+00 2.014451e-01 2.494376e-03 1.159770e-02
12             1.496215e+00 -4.192855e-02 -6.299544e+00 1.344651e+00 -4.392287e-02 -6.301321e+00 1.515636e-01 1.994319e-03 1.776725e-03
13             1.099495e+00 -1.940409e-01 -6.908845e+00 9.581751e-01 -1.970307e-01 -6.910186e+00 1.413196e-01 2.989814e-03 1.340838e-03
14             6.352091e-01 -3.047919e-01 -6.790625e+00 5.293128e-01 -3.098769e-01 -6.786714e+00 1.058963e-01 5.085006e-03 -3.911490e-03
15             5.692542e-01 -3.621491e-01 -6.152974e+00 4.724429e-01 -3.672799e-01 -6.141602e+00 9.681125e-02 5.130746e-03 -1.137180e-02
16             6.251765e-01 -3.976948e-01 -5.345163e+00 5.453991e-01 -4.029210e-01 -5.329880e+00 7.977734e-02 5.226159e-03 -1.528331e-02
17             6.481042e-01 -3.830011e-01 -4.681701e+00 5.821268e-01 -3.895944e-01 -4.664160e+00 6.597741e-02 6.593281e-03 -1.754173e-02
18             5.881378e-01 -4.295865e-01 -4.148610e+00 5.371849e-01 -4.347107e-01 -4.132400e+00 5.095289e-02 5.124211e-03 -1.620994e-02
19             4.688056e-01 -4.825853e-01 -3.652727e+00 4.235383e-01 -4.873714e-01 -3.637129e+00 4.526733e-02 4.786108e-03 -1.559795e-02
20             2.591544e-01 -5.281765e-01 -3.044503e+00 2.250598e-01 -5.329934e-01 -3.030069e+00 3.409459e-02 4.816837e-03 -1.443419e-02
21             1.070888e-01 -5.244131e-01 -2.177515e+00 7.753039e-02 -5.291780e-01 -2.165729e+00 2.955838e-02 4.764914e-03 -1.178573e-02
22             4.548063e-02 -5.116494e-01 -1.202254e+00 2.226032e-02 -5.164854e-01 -1.193019e+00 2.322031e-02 4.835961e-03 -9.235455e-03
23             1.476813e-01 -4.746793e-01 -4.926258e-01 1.280787e-01 -4.781431e-01 -4.864720e-01 1.960252e-02 3.463774e-03 -6.153729e-03
24             2.510419e-01 -4.224962e-01 -9.156609e-02 2.353197e-01 -4.265608e-01 -8.729618e-02 1.572221e-02 4.064602e-03 -4.269908e-03
25             3.111224e-01 -3.336779e-01 5.351917e-02 2.982267e-01 -3.371952e-01 5.603823e-02 1.289568e-02 3.517309e-03 -2.519065e-03
26             2.729560e-01 -1.746864e-01 6.205086e-02 2.626868e-01 -1.787982e-01 6.328387e-02 1.026913e-02 4.111738e-03 -1.233013e-03
27             2.143908e-01 2.880100e-02 3.251154e-02 2.050756e-01 2.446351e-02 3.296929e-02 9.315265e-03 4.337490e-03 -4.577416e-04
28             1.627719e-01 2.100561e-01 -1.602663e-03 1.566068e-01 2.046983e-01 -1.236130e-03 6.165194e-03 5.357764e-03 -3.665336e-04
29             1.501917e-01 3.030293e-01 -4.092009e-02 1.441236e-01 2.975183e-01 -4.023150e-02 6.068091e-03 5.511051e-03 -6.885925e-04
30             1.513260e-01 3.176258e-01 -5.135994e-02 1.465438e-01 3.109848e-01 -4.970009e-02 4.782254e-03 6.640983e-03 -1.659855e-03
31             1.600314e-01 2.634602e-01 -4.447536e-02 1.547909e-01 2.564865e-01 -4.207748e-02 5.240530e-03 6.973715e-03 -2.397877e-03
32             1.746012e-01 1.734131e-01 -3.605041e-02 1.690903e-01 1.662480e-01 -3.298546e-02 5.510856e-03 7.165128e-03 -3.064954e-03
33             1.896389e-01 7.887910e-02 -3.186601e-02 1.830035e-01 7.232895e-02 -2.846588e-02 6.635431e-03 6.550154e-03 -3.400122e-03
34             1.963398e-01 3.595570e-03 -2.332853e-02 1.892037e-01 -2.176624e-03 -1.963279e-02 7.136142e-03 5.772195e-03 -3.695738e-03
35             2.021673e-01 -5.705158e-02 -1.775845e-02 1.935009e-01 -6.151378e-02 -1.374886e-02 8.666461e-03 4.462200e-03 -4.009591e-03
36             2.039392e-01 -1.128930e-01 -1.404164e-02 1.943192e-01 -1.158447e-01 -9.996043e-03 9.619964e-03 2.951761e-03 -4.045600e-03
37             2.173291e-01 -1.660624e-01 -1.253953e-02 2.062365e-01 -1.676226e-01 -8.319157e-03 1.109259e-02 1.560233e-03 -4.220374e-03
38             2.466926e-01 -2.251884e-01 -1.514985e-02 2.343113e-01 -2.250295e-01 -1.072518e-02 1.238132e-02 -1.589568e-04 -4.424664e-03
39             2.936092e-01 -2.778610e-01 -1.270176e-02 2.793654e-01 -2.765017e-01 -8.056320e-03 1.424382e-02 -1.359332e-03 -4.645441e-03
40             3.517217e-01 -3.152543e-01 5.545134e-04 3.360435e-01 -3.125488e-01 5.257597e-03 1.567828e-02 -2.705422e-03 -4.703083e-03
41             4.102973e-01 -3.280828e-01 2.869218e-02 3.929951e-01 -3.244442e-01 3.329798e-02 1.730217e-02 -3.638663e-03 -4.605804e-03
42             4.593242e-01 -3.213669e-01 7.233353e-02 4.407424e-01 -3.167873e-01 7.670086e-02 1.858181e-02 -4.579571e-03 -4.367324e-03
43             4.978273e-01 -2.947804e-01 1.265298e-01 4.778782e-01 -2.895042e-01 1.305442e-01 1.994907e-02 -5.276226e-03 -4.014362e-03
44             5.230942e-01 -2.523384e-01 1.851704e-01 5.020411e-01 -2.465428e-01 1.887538e-01 2.105311e-02 -5.795650e-03 -3.583433e-03
45             5.405666e-01 -1.941731e-01 2.464450e-01 5.181723e-01 -1.881262e-01 2.495095e-01 2.239428e-02 -6.046913e-03 -3.064463e-03
46             5.445076e-01 -1.322083e-01 3.026152e-01 5.209338e-01 -1.261777e-01 3.050467e-01 2.357382e-02 -6.030537e-03 -2.431507e-03
47             5.390950e-01 -6.657991e-02 3.489263e-01 5.143837e-01 -6.087805e-02 3.506584e-01 2.471123e-02 -5.701860e-03 -1.732168e-03
48             5.259199e-01 2.009250e-03 3.837855e-01 4.999732e-01 7.192807e-03 3.847883e-01 2.594667e-02 -5.183558e-03 -1.002838e-03
49             5.066605e-01 7.230859e-02 4.077690e-01 4.795092e-01 7.670075e-02 4.080636e-01 2.715134e-02 -4.392158e-03 -2.946058e-04
50             4.851747e-01 1.407685e-01 4.236352e-01 4.568000e-01 1.442345e-01 4.232572e-01 2.837472e-02 -3.465997e-03 3.780688e-04
51             4.634700e-01 2.021469e-01 4.298040e-01 4.339325e-01 2.045081e-01 4.288688e-01 2.953746e-02 -2.361200e-03 9.351725e-04
52             4.432939e-01 2.522070e-01 4.275319e-01 4.126980e-01 2.534249e-01 4.262098e-01 3.059586e-02 -1.217932e-03 1.322121e-03
53             4.254775e-01 2.867229e-01 4.183125e-01 3.938432e-01 2.867878e-01 4.166757e-01 3.163427e-02 -6.484794e-05 1.636795e-03
54             4.095927e-01 3.039771e-01 4.044433e-01 3.770149e-01 3.030871e-01 4.026513e-01 3.257789e-02 8.899588e-04 1.791966e-03
55             3.959688e-01 3.035784e-01 3.878206e-01 3.623283e-01 3.019610e-01 3.859108e-01 3.364042e-02 1.617406e-03 1.909811e-03
56             3.847555e-01 2.858887e-01 3.685856e-01 3.500208e-01 2.837825e-01 3.666324e-01 3.473470e-02 2.106223e-03 1.953248e-03
57             3.737614e-01 2.573381e-01 3.497764e-01 3.378280e-01 2.549974e-01 3.478270e-01 3.593332e-02 2.340724e-03 1.949413e-03
58             3.630828e-01 2.219095e-01 3.324636e-01 3.259517e-01 2.194930e-01 3.305360e-01 3.713104e-02 2.416542e-03 1.927549e-03
59             3.524178e-01 1.830173e-01 3.172678e-01 3.140420e-01 1.806808e-01 3.153672e-01 3.837579e-02 2.336496e-03 1.900621e-03
60             3.418617e-01 1.436899e-01 3.042742e-01 3.022549e-01 1.415176e-01 3.023997e-01 3.960686e-02 2.172262e-03 1.874555e-03
61             3.318983e-01 1.059057e-01 2.933438e-01 2.910728e-01 1.039597e-01 2.914887e-01 4.082549e-02 1.946045e-03 1.855153e-03
62             3.230000e-01 7.119995e-02 2.848100e-01 2.809517e-01 6.951133e-02 2.829663e-01 4.204828e-02 1.688620e-03 1.843701e-03
63             3.155754e-01 4.049558e-02 2.788961e-01 2.723275e-01 3.905810e-02 2.770491e-01 4.324783e-02 1.437487e-03 1.846941e-03
64             3.100665e-01 1.352706e-02 2.763920e-01 2.655742e-01 1.235865e-02 2.745007e-01 4.449227e-02 1.168403e-03 1.891356e-03
65             3.059207e-01 -7.989041e-03 2.758385e-01 2.602016e-01 -8.913453e-03 2.738949e-01 4.571902e-02 9.244115e-04 1.943667e-03
66             3.031244e-01 -2.421045e-02 2.769504e-01 2.561683e-01 -2.492637e-02 2.749429e-01 4.695618e-02 7.159181e-04 2.007511e-03
67             3.013544e-01 -3.554660e-02 2.788708e-01 2.531878e-01 -3.608538e-02 2.768100e-01 4.816658e-02 5.387740e-04 2.060768e-03
68             3.001624e-01 -4.243888e-02 2.806544e-01 2.507878e-01 -4.283796e-02 2.785456e-01 4.937465e-02 3.990814e-04 2.108860e-03
69             2.992206e-01 -4.564848e-02 2.814334e-01 2.486536e-01 -4.594267e-02 2.793003e-01 5.056699e-02 2.941912e-04 2.133104e-03
70             2.983152e-01 -4.594541e-02 2.808109e-01 2.465722e-01 -4.616127e-02 2.786611e-01 5.174303e-02 2.158617e-04 2.149844e-03
71             2.974001e-01 -4.415876e-02 2.788601e-01 2.445010e-01 -4.431623e-02 2.767221e-01 5.289906e-02 1.574720e-04 2.137975e-03
72             2.965076e-01 -4.091091e-02 2.760588e-01 2.424696e-01 -4.103054e-02 2.739398e-01 5.403797e-02 1.196303e-04 2.119016e-03
73             2.956758e-01 -3.680052e-02 2.734048e-01 2.405343e-01 -3.689600e-02 2.713199e-01 5.514155e-02 9.547270e-05 2.084855e-03
74             2.950522e-01 -3.225647e-02 2.719547e-01 2.388320e-01 -3.234108e-02 2.698980e-01 5.622018e-02 8.461212e-05 2.056672e-03
75             2.946969e-01 -2.767477e-02 2.724180e-01 2.374420e-01 -2.775478e-02 2.703853e-01 5.725489e-02 8.000842e-05 2.032673e-03
76             2.946140e-01 -2.329795e-02 2.749644e-01 2.363584e-01 -2.338120e-02 2.729358e-01 5.825566e-02 8.325435e-05 2.028620e-03
77             2.947336e-01 -1.935802e-02 2.792001e-01 2.355221e-01 -1.944470e-02 2.771576e-01 5.921142e-02 8.667685e-05 2.042487e-03
78             2.949738e-01 -1.594667e-02 2.842138e-01 2.348488e-01 -1.604195e-02 2.821442e-01 6.012500e-02 9.527734e-05 2.069522e-03
79             2.951950e-01 -1.315825e-02 2.887735e-01 2.341986e-01 -1.325670e-02 2.866702e-01 6.099637e-02 9.845181e-05 2.103283e-03
80             2.954475e-01 -1.126768e-02 2.908219e-01 2.336128e-01 -1.136297e-02 2.886878e-01 6.183471e-02 9.528928e-05 2.134042e-03
81             2.954530e-01 -9.793385e-03 2.908017e-01 2.328139e-01 -9.874395e-03 2.886481e-01 6.263902e-02 8.100977e-05 2.153606e-03
82             2.952902e-01 -8.662318e-03 2.872134e-01 2.318829e-01 -8.723136e-03 2.850610e-01 6.340723e-02 6.081727e-05 2.152367e-03
83             2.949552e-01 -7.774554e-03 2.795934e-01 2.308205e-01 -7.805447e-03 2.774691e-01 6.413473e-02 3.089293e-05 2.124357e-03
84             2.944010e-01 -7.032427e-03 2.683166e-01 2.295887e-01 -7.031801e-03 2.662476e-01 6.481229e-02 -6.260640e-07 2.068987e-03
85             2.933876e-01 -6.368139e-03 2.556254e-01 2.279650e-01 -6.331208e-03 2.536351e-01 6.542268e-02 -3.693043e-05 1.990312e-03
86             2.921868e-01 -5.913700e-03 2.419645e-01 2.262106e-01 -5.839537e-03 2.400694e-01 6.597626e-02 -7.416347e-05 1.895094e-03
87             2.907507e-01 -5.728798e-03 2.299499e-01 2.242734e-01 -5.609528e-03 2.281628e-01 6.647728e-02 -1.192698e-04 1.787049e-03
88             2.891075e-01 -5.824400e-03 2.219654e-01 2.221822e-01 -5.657355e-03 2.202853e-01 6.692531e-02 -1.670446e-04 1.680074e-03
89             2.872602e-01 -6.213815e-03 2.198576e-01 2.199413e-01 -5.994160e-03 2.182728e-01 6.731888e-02 -2.196559e-04 1.584825e-03
90             2.857431e-01 -6.774666e-03 2.246139e-01 2.180781e-01 -6.505658e-03 2.230972e-01 6.766496e-02 -2.690076e-04 1.516737e-03
91             2.848680e-01 -7.405428e-03 2.357386e-01 2.168954e-01 -7.091219e-03 2.342477e-01 6.797254e-02 -3.142087e-04 1.490864e-03
92             2.848744e-01 -7.955358e-03 2.516958e-01 2.166225e-01 -7.607972e-03 2.501894e-01 6.825193e-02 -3.473864e-04 1.506414e-03
93             2.858120e-01 -8.270747e-03 2.704019e-01 2.172988e-01 -7.900483e-03 2.688446e-01 6.851323e-02 -3.702642e-04 1.557309e-03
94             2.874743e-01 -8.234888e-03 2.894158e-01 2.187041e-01 -7.854854e-03 2.877887e-01 6.877019e-02 -3.800337e-04 1.627093e-03
95             2.895234e-01 -7.837989e-03 3.063432e-01 2.205061e-01 -7.459081e-03 3.046434e-01 6.901736e-02 -3.789084e-04 1.699790e-03
96             2.916750e-01 -7.133240e-03 3.190328e-01 2.224231e-01 -6.765622e-03 3.172729e-01 6.925184e-02 -3.676185e-04 1.759872e-03
97             2.937030e-01 -6.239351e-03 3.261487e-01 2.242301e-01 -5.887721e-03 3.243542e-01 6.947288e-02 -3.516302e-04 1.794476e-03
98             2.954318e-01 -5.262096e-03 3.269550e-01 2.257559e-01 -4.928897e-03 3.251592e-01 6.967584e-02 -3.331987e-04 1.795733e-03
99             2.967433e-01 -4.246228e-03 3.215637e-01 2.268840e-01 -3.932362e-03 3.198049e-01 6.985938e-02 -3.138662e-04 1.758868e-03
100            2.977893e-01 -3.180476e-03 3.110382e-01 2.277651e-01 -2.888163e-03 3.093548e-01 7.002418e-02 -2.923129e-04 1.683425e-03
101            2.987071e-01 -2.046680e-03 2.975815e-01 2.285368e-01 -1.777046e-03 2.960044e-01 7.017028e-02 -2.696333e-04 1.577113e-03
102            2.995961e-01 -8.451034e-04 2.841271e-01 2.293029e-01 -5.977629e-04 2.826691e-01 7.029322e-02 -2.473405e-04 1.458001e-03
103            3.006299e-01 3.656962e-04 2.736778e-01 2.302441e-01 5.929311e-04 2.723281e-01 7.038578e-02 -2.272349e-04 1.349685e-03
104            3.018218e-01 1.483567e-03 2.685523e-01 2.313804e-01 1.693709e-03 2.672782e-01 7.044141e-02 -2.101421e-04 1.274041e-03
105            3.032208e-01 2.420824e-03 2.697084e-01 2.327641e-01 2.618447e-03 2.684629e-01 7.045670e-02 -1.976232e-04 1.245545e-03
106            3.048439e-01 3.135457e-03 2.766079e-01 2.344086e-01 3.324730e-03 2.753408e-01 7.043527e-02 -1.892732e-04 1.267094e-03
107            3.065677e-01 3.630665e-03 2.875532e-01 2.361827e-01 3.814257e-03 2.862220e-01 7.038495e-02 -1.835917e-04 1.331185e-03
108            3.081791e-01 3.934695e-03 3.001953e-01 2.378649e-01 4.113717e-03 2.987713e-01 7.031415e-02 -1.790219e-04 1.424069e-03
109            3.094729e-01 4.092672e-03 3.120468e-01 2.392422e-01 4.267117e-03 3.105192e-01 7.023072e-02 -1.744459e-04 1.527640e-03
110            3.103000e-01 4.145160e-03 3.208671e-01 2.401591e-01 4.314317e-03 3.192419e-01 7.014088e-02 -1.691568e-04 1.625180e-03
111            3.106568e-01 4.129308e-03 3.244350e-01 2.406070e-01 4.292139e-03 3.227393e-01 7.004976e-02 -1.628303e-04 1.695685e-03
112            3.105001e-01 4.079198e-03 3.216013e-01 2.405392e-01 4.233899e-03 3.198773e-01 6.996094e-02 -1.547001e-04 1.724000e-03
113            3.099936e-01 4.043222e-03 3.124211e-01 2.401180e-01 4.187680e-03 3.107202e-01 6.987560e-02 -1.444572e-04 1.700944e-03
114            3.090782e-01 4.059633e-03 2.977952e-01 2.392807e-01 4.190783e-03 2.961688e-01 6.979752e-02 -1.311493e-04 1.626395e-03
115            3.079032e-01 4.179667e-03 2.806477e-01 2.381776e-01 4.293614e-03 2.791342e-01 6.972554e-02 -1.139473e-04 1.513506e-03
116            3.066338e-01 4.434882e-03 2.644854e-01 2.369773e-01 4.526173e-03 2.631012e-01 6.965646e-02 -9.129149e-05 1.384201e-03
117            3.054828e-01 4.822247e-03 2.525490e-01 2.358961e-01 4.884373e-03 2.512869e-01 6.958672e-02 -6.212614e-05 1.262109e-03
118            3.046313e-01 5.310319e-03 2.469238e-01 2.351171e-01 5.336016e-03 2.457583e-01 6.951424e-02 -2.569720e-05 1.165556e-03
119            3.041850e-01 5.858387e-03 2.481904e-01 2.347470e-01 5.840808e-03 2.470853e-01 6.943796e-02 1.757909e-05 1.105098e-03
120            3.041927e-01 6.431435e-03 2.553341e-01 2.348336e-01 6.364389e-03 2.542522e-01 6.935918e-02 6.704560e-05 1.081871e-03
121            3.044717e-01 6.994707e-03 2.663929e-01 2.351923e-01 6.874028e-03 2.653027e-01 6.927940e-02 1.206795e-04 1.090219e-03
122            3.047137e-01 7.519711e-03 2.788326e-01 2.355152e-01 7.344671e-03 2.777118e-01 6.919851e-02 1.750401e-04 1.120762e-03
123            3.047580e-01 7.960549e-03 2.907157e-01 2.356421e-01 7.733728e-03 2.895567e-01 6.911595e-02 2.268212e-04 1.158985e-03
124            3.044733e-01 8.280194e-03 3.004524e-01 2.354422e-01 8.006800e-03 2.992591e-01 6.903108e-02 2.733942e-04 1.193296e-03
125            3.038379e-01 8.462698e-03 3.064377e-01 2.348926e-01 8.150334e-03 3.052257e-01 6.894527e-02 3.123640e-04 1.212031e-03
126            3.028423e-01 8.509151e-03 3.077808e-01 2.339843e-01 8.168127e-03 3.065747e-01 6.885795e-02 3.410239e-04 1.206093e-03
127            3.016697e-01 8.436780e-03 3.042344e-01 2.329011e-01 8.078724e-03 3.030618e-01 6.876856e-02 3.580558e-04 1.172569e-03
128            3.005978e-01 8.274100e-03 2.964153e-01 2.319186e-01 7.909133e-03 2.953028e-01 6.867916e-02 3.649665e-04 1.112506e-03
129            2.998024e-01 8.016527e-03 2.861195e-01 2.312116e-01 7.652163e-03 2.850890e-01 6.859082e-02 3.643640e-04 1.030520e-03
130            2.993305e-01 7.635110e-03 2.760303e-01 2.308279e-01 7.276458e-03 2.750900e-01 6.850254e-02 3.586527e-04 9.402708e-04
131            2.992394e-01 7.094477e-03 2.690248e-01 2.308282e-01 6.746254e-03 2.681651e-01 6.841115e-02 3.482239e-04 8.597292e-04
132            2.996406e-01 6.371234e-03 2.673175e-01 2.313268e-01 6.038384e-03 2.665112e-01 6.831379e-02 3.328496e-04 8.062697e-04
133            3.005950e-01 5.477486e-03 2.718598e-01 2.323854e-01 5.165503e-03 2.710694e-01 6.820954e-02 3.119836e-04 7.903640e-04
134            3.020452e-01 4.427844e-03 2.820897e-01 2.339461e-01 4.141759e-03 2.812748e-01 6.809905e-02 2.860858e-04 8.149232e-04
135            3.038161e-01 3.226309e-03 2.961830e-01 2.358321e-01 2.970882e-03 2.953068e-01 6.798398e-02 2.554271e-04 8.762897e-04
136            3.056601e-01 1.902620e-03 3.116056e-01 2.377937e-01 1.682023e-03 3.106408e-01 6.786637e-02 2.205970e-04 9.648824e-04
137            3.073150e-01 5.222129e-04 3.256750e-01 2.395667e-01 3.394966e-04 3.246087e-01 6.774830e-02 1.827164e-04 1.066228e-03
138            3.085853e-01 -8.289845e-04 3.357543e-01 2.409534e-01 -9.718419e-04 3.345920e-01 6.763191e-02 1.428573e-04 1.162280e-03
139            3.092876e-01 -2.051941e-03 3.400483e-01 2.417687e-01 -2.155131e-03 3.388137e-01 6.751892e-02 1.031895e-04 1.234640e-03
140            3.092994e-01 -3.075253e-03 3.374502e-01 2.418881e-01 -3.140903e-03 3.361818e-01 6.741138e-02 6.564996e-05 1.268316e-03
141            3.087412e-01 -3.880016e-03 3.279990e-01 2.414298e-01 -3.911086e-03 3.267445e-01 6.731137e-02 3.107049e-05 1.254537e-03
142            3.080055e-01 -4.455440e-03 3.131187e-01 2.407845e-01 -4.455723e-03 3.119250e-01 6.722106e-02 2.835669e-07 1.193688e-03
143            3.071868e-01 -4.803163e-03 2.957778e-01 2.400472e-01 -4.776878e-03 2.946801e-01 6.713953e-02 -2.628476e-05 1.097715e-03
144            3.063823e-01 -4.930253e-03 2.796510e-01 2.393204e-01 -4.882200e-03 2.786618e-01 6.706193e-02 -4.805322e-05 9.892539e-04
145            3.057815e-01 -4.845756e-03 2.681841e-01 2.387979e-01 -4.780806e-03 2.672900e-01 6.698362e-02 -6.495069e-05 8.940202e-04
146            3.055777e-01 -4.603083e-03 2.636517e-01 2.386767e-01 -4.526347e-03 2.628190e-01 6.690102e-02 -7.673562e-05 8.326509e-04
147            3.058557e-01 -4.261128e-03 2.666810e-01 2.390432e-01 -4.177043e-03 2.658641e-01 6.681248e-02 -8.408516e-05 8.169267e-04
148            3.066249e-01 -3.855674e-03 2.762224e-01 2.399061e-01 -3.767943e-03 2.753733e-01 6.671879e-02 -8.773070e-05 8.491196e-04
149            3.077112e-01 -3.405695e-03 2.900568e-01 2.410891e-01 -3.317608e-03 2.891333e-01 6.662205e-02 -8.808622e-05 9.235110e-04
150            3.088323e-01 -2.914673e-03 3.055605e-01 2.423089e-01 -2.829504e-03 3.045320e-01 6.652338e-02 -8.516902e-05 1.028559e-03
151            3.096793e-01 -2.386400e-03 3.198429e-01 2.432528e-01 -2.307158e-03 3.186958e-01 6.642650e-02 -7.924248e-05 1.147117e-03
152            3.100792e-01 -1.838484e-03 3.301678e-01 2.437450e-01 -1.767389e-03 3.289094e-01 6.633417e-02 -7.109465e-05 1.258453e-03
153            3.099277e-01 -1.299052e-03 3.342750e-01 2.436782e-01 -1.237510e-03 3.329339e-01 6.624945e-02 -6.154201e-05 1.341119e-03
154            3.092582e-01 -8.030968e-04 3.308523e-01 2.430825e-01 -7.514228e-04 3.294747e-01 6.617566e-02 -5.167397e-05 1.377596e-03
155            3.081421e-01 -3.873589e-04 3.198726e-01 2.420268e-01 -3.451621e-04 3.185145e-01 6.611525e-02 -4.219676e-05 1.358076e-03
156            3.068259e-01 -4.959647e-05 3.028921e-01 2.407567e-01 -1.565165e-05 3.016086e-01 6.606921e-02 -3.394482e-05 1.283446e-03
157            3.053489e-01 2.319774e-04 2.831457e-01 2.393144e-01 2.587348e-04 2.819781e-01 6.603450e-02 -2.675741e-05 1.167571e-03
158            3.038512e-01 4.815339e-04 2.647072e-01 2.378470e-01 5.019939e-04 2.636709e-01 6.600417e-02 -2.046001e-05 1.036278e-03
159            3.025800e-01 7.121294e-04 2.515549e-01 2.366086e-01 7.266945e-04 2.506361e-01 6.597133e-02 -1.456511e-05 9.187591e-04
160            3.018110e-01 9.183484e-04 2.463431e-01 2.358801e-01 9.273917e-04 2.455047e-01 6.593085e-02 -9.043261e-06 8.383574e-04
161            3.016733e-01 1.089639e-03 2.499268e-01 2.357925e-01 1.093488e-03 2.491187e-01 6.588081e-02 -3.848947e-06 8.080913e-04
162            3.021923e-01 1.222081e-03 2.612015e-01 2.363700e-01 1.221271e-03 2.603707e-01 6.582230e-02 8.094556e-07 8.307901e-04
163            3.031900e-01 1.315026e-03 2.777073e-01 2.374319e-01 1.309947e-03 2.768068e-01 6.575807e-02 5.078653e-06 9.005473e-04
164            3.043229e-01 1.371679e-03 2.963268e-01 2.386319e-01 1.362858e-03 2.953224e-01 6.569104e-02 8.821074e-06 1.004399e-03
165            3.053707e-01 1.398231e-03 3.138782e-01 2.397459e-01 1.386174e-03 3.127542e-01 6.562474e-02 1.205763e-05 1.123964e-03
166            3.061932e-01 1.396417e-03 3.274690e-01 2.406304e-01 1.381724e-03 3.262312e-01 6.556283e-02 1.469327e-05 1.237822e-03
167            3.066532e-01 1.364456e-03 3.347247e-01 2.411449e-01 1.347971e-03 3.334001e-01 6.550837e-02 1.648522e-05 1.324617e-03
168            3.065865e-01 1.302290e-03 3.342313e-01 2.411228e-01 1.284771e-03 3.328638e-01 6.546375e-02 1.751873e-05 1.367485e-03
169            3.060683e-01 1.207177e-03 3.257513e-01 2.406371e-01 1.189272e-03 3.243942e-01 6.543115e-02 1.790519e-05 1.357059e-03
170            3.054266e-01 1.083353e-03 3.105115e-01 2.400140e-01 1.065655e-03 3.092183e-01 6.541256e-02 1.769713e-05 1.293278e-03
171            3.048195e-01 9.364301e-04 2.915884e-01 2.394129e-01 9.195536e-04 2.904005e-01 6.540667e-02 1.687645e-05 1.187929e-03
172            3.043404e-01 7.748907e-04 2.732050e-01 2.389327e-01 7.593807e-04 2.721400e-01 6.540764e-02 1.551004e-05 1.065003e-03
173            3.041189e-01 6.145833e-04 2.596208e-01 2.387109e-01 6.006779e-04 2.586671e-01 6.540798e-02 1.390536e-05 9.537117e-04
174            3.043320e-01 4.673213e-04 2.538192e-01 2.389304e-01 4.549769e-04 2.529412e-01 6.540162e-02 1.234438e-05 8.779217e-04
175            3.050311e-01 3.363844e-04 2.569121e-01 2.396471e-01 3.253854e-04 2.560606e-01 6.538399e-02 1.099892e-05 8.514817e-04
176            3.062189e-01 2.226095e-04 2.679949e-01 2.408649e-01 2.127124e-04 2.671169e-01 6.535395e-02 9.897139e-06 8.780648e-04
177            3.077660e-01 1.256720e-04 2.847303e-01 2.424530e-01 1.165954e-04 2.837772e-01 6.531296e-02 9.076525e-06 9.531316e-04
178            3.093909e-01 4.939337e-05 3.039917e-01 2.441273e-01 4.100851e-05 3.029266e-01 6.526361e-02 8.384859e-06 1.065154e-03
179            3.108332e-01 -1.891751e-06 3.224469e-01 2.456233e-01 -9.783829e-06 3.212506e-01 6.520983e-02 7.892078e-06 1.196278e-03
180            3.119500e-01 -2.782687e-05 3.369559e-01 2.467929e-01 -3.508978e-05 3.356320e-01 6.515708e-02 7.262903e-06 1.323913e-03
181            3.126343e-01 -3.272188e-05 3.448106e-01 2.475244e-01 -3.887826e-05 3.433859e-01 6.510994e-02 6.156381e-06 1.424712e-03
182            3.128656e-01 -2.497407e-05 3.442239e-01 2.477923e-01 -2.923377e-05 3.427454e-01 6.507324e-02 4.259696e-06 1.478433e-03
183            3.127119e-01 -1.682341e-05 3.348702e-01 2.476612e-01 -1.819348e-05 3.333971e-01 6.505064e-02 1.370065e-06 1.473030e-03
184            3.124123e-01 -1.496653e-05 3.182489e-01 2.473681e-01 -1.195147e-05 3.168410e-01 6.504415e-02 -3.015068e-06 1.407914e-03
185            3.119291e-01 -2.115235e-05 2.978336e-01 2.468786e-01 -1.191794e-05 2.965362e-01 6.505054e-02 -9.234416e-06 1.297431e-03
186            3.113410e-01 -2.729444e-05 2.780011e-01 2.462794e-01 -1.020222e-05 2.768320e-01 6.506166e-02 -1.709222e-05 1.169063e-03
187            3.108086e-01 -2.239183e-05 2.630107e-01 2.457407e-01 3.923185e-06 2.619560e-01 6.506787e-02 -2.631502e-05 1.054750e-03
188            3.105518e-01 -1.136700e-06 2.557582e-01 2.454902e-01 3.544404e-05 2.547784e-01 6.506164e-02 -3.658074e-05 9.798283e-04
189            3.107326e-01 3.505610e-05 2.572217e-01 2.456922e-01 8.327554e-05 2.562641e-01 6.504042e-02 -4.821944e-05 9.576394e-04
190            3.113700e-01 8.177292e-05 2.664963e-01 2.463650e-01 1.431746e-04 2.655057e-01 6.500506e-02 -6.140166e-05 9.906152e-04
191            3.123225e-01 1.342544e-04 2.813273e-01 2.473636e-01 2.103325e-04 2.802549e-01 6.495894e-02 -7.607806e-05 1.072397e-03
192            3.132677e-01 1.941718e-04 2.986933e-01 2.483618e-01 2.859505e-04 2.975034e-01 6.490595e-02 -9.177876e-05 1.189908e-03
193            3.139072e-01 2.677538e-04 3.153648e-01 2.490569e-01 3.751746e-04 3.140399e-01 6.485032e-02 -1.074207e-04 1.324908e-03
194            3.140704e-01 3.562997e-04 3.282596e-01 2.492737e-01 4.780281e-04 3.268039e-01 6.479673e-02 -1.217284e-04 1.455736e-03
195            3.137381e-01 4.538211e-04 3.346542e-01 2.489875e-01 5.874130e-04 3.330952e-01 6.475062e-02 -1.335919e-04 1.558912e-03
196            3.130072e-01 5.508361e-04 3.326992e-01 2.482897e-01 6.932029e-04 3.310858e-01 6.471743e-02 -1.423668e-04 1.613370e-03
197            3.118806e-01 6.389280e-04 3.220127e-01 2.471788e-01 7.864429e-04 3.204080e-01 6.470180e-02 -1.475150e-04 1.604623e-03
198            3.104742e-01 7.225598e-04 3.041086e-01 2.457688e-01 8.713828e-04 3.025782e-01 6.470537e-02 -1.488230e-04 1.530331e-03
199            3.087891e-01 8.102653e-04 2.823667e-01 2.440640e-01 9.568157e-04 2.809630e-01 6.472509e-02 -1.465503e-04 1.403721e-03
200            3.070087e-01 9.153616e-04 2.612558e-01 2.422553e-01 1.056437e-03 2.600033e-01 6.475343e-02 -1.410753e-04 1.252471e-03
201            3.053649e-01 1.045067e-03 2.453582e-01 2.405829e-01 1.177432e-03 2.442475e-01 6.478201e-02 -1.323649e-04 1.110689e-03
202            3.041651e-01 1.195536e-03 2.380129e-01 2.393616e-01 1.316543e-03 2.370062e-01 6.480348e-02 -1.210070e-04 1.006759e-03
203            3.035849e-01 1.362493e-03 2.404637e-01 2.387704e-01 1.470291e-03 2.395073e-01 6.481450e-02 -1.077989e-04 9.564236e-04
204            3.036877e-01 1.550244e-03 2.518268e-01 2.388728e-01 1.643699e-03 2.508622e-01 6.481485e-02 -9.345430e-05 9.646006e-04
205            3.043453e-01 1.758165e-03 2.695930e-01 2.395392e-01 1.836537e-03 2.685662e-01 6.480613e-02 -7.837276e-05 1.026837e-03
206            3.051078e-01 1.985720e-03 2.903067e-01 2.403166e-01 2.048676e-03 2.891752e-01 6.479115e-02 -6.295589e-05 1.131418e-03
207            3.057993e-01 2.209593e-03 3.106362e-01 2.410283e-01 2.257522e-03 3.093742e-01 6.477098e-02 -4.792886e-05 1.261982e-03
208            3.063089e-01 2.395203e-03 3.271299e-01 2.415603e-01 2.428965e-03 3.257343e-01 6.474865e-02 -3.376215e-05 1.395604e-03
209            3.065479e-01 2.517247e-03 3.367289e-01 2.418195e-01 2.537753e-03 3.352223e-01 6.472848e-02 -2.050549e-05 1.506590e-03
210            3.063941e-01 2.569403e-03 3.372494e-01 2.416795e-01 2.577616e-03 3.356777e-01 6.471464e-02 -8.212943e-06 1.571691e-03
211            3.057938e-01 2.586930e-03 3.279295e-01 2.410810e-01 2.584060e-03 3.263556e-01 6.471282e-02 2.869899e-06 1.573922e-03
212            3.050105e-01 2.579939e-03 3.097981e-01 2.402842e-01 2.566686e-03 3.082903e-01 6.472629e-02 1.325356e-05 1.507744e-03
213            3.040387e-01 2.532314e-03 2.863621e-01 2.392857e-01 2.509698e-03 2.849776e-01 6.475298e-02 2.261641e-05 1.384481e-03
214            3.029294e-01 2.409099e-03 2.625992e-01 2.381447e-01 2.378959e-03 2.613673e-01 6.478475e-02 3.014022e-05 1.231923e-03
215            3.018167e-01 2.179256e-03 2.438068e-01 2.370045e-01 2.144388e-03 2.427197e-01 6.481220e-02 3.486778e-05 1.087076e-03
216            3.009814e-01 1.852414e-03 2.338931e-01 2.361535e-01 1.816094e-03 2.329117e-01 6.482786e-02 3.632089e-05 9.813762e-04
217            3.005671e-01 1.480915e-03 2.345006e-01 2.357381e-01 1.446296e-03 2.335685e-01 6.482901e-02 3.461912e-05 9.320555e-04
218            3.006385e-01 1.109571e-03 2.448292e-01 2.358223e-01 1.078878e-03 2.438853e-01 6.481624e-02 3.069372e-05 9.438825e-04
219            3.010421e-01 7.675302e-04 2.622068e-01 2.362484e-01 7.421993e-04 2.611962e-01 6.479371e-02 2.533093e-05 1.010658e-03
220            3.015000e-01 4.671832e-04 2.830606e-01 2.367345e-01 4.481229e-04 2.819417e-01 6.476548e-02 1.906030e-05 1.118925e-03
221            3.018289e-01 2.089704e-04 3.036647e-01 2.370946e-01 1.967337e-04 3.024147e-01 6.473435e-02 1.223676e-05 1.249940e-03
222            3.019897e-01 -5.383251e-06 3.205192e-01 2.372849e-01 -1.080704e-05 3.191396e-01 6.470473e-02 5.423791e-06 1.379623e-03
223            3.019545e-01 -1.606880e-04 3.305492e-01 2.372724e-01 -1.599341e-04 3.290666e-01 6.468206e-02 -7.539060e-07 1.482637e-03
224            3.015873e-01 -2.417059e-04 3.317355e-01 2.369180e-01 -2.362655e-04 3.301980e-01 6.466926e-02 -5.440437e-06 1.537480e-03
225            3.008763e-01 -2.241831e-04 3.234520e-01 2.362063e-01 -2.167326e-04 3.219216e-01 6.467005e-02 -7.450564e-06 1.530405e-03
226            3.000491e-01 -1.245116e-04 3.067771e-01 2.353620e-01 -1.177301e-04 3.053192e-01 6.468709e-02 -6.781471e-06 1.457877e-03
227            2.992390e-01 1.609914e-05 2.851099e-01 2.345205e-01 1.936999e-05 2.837779e-01 6.471847e-02 -3.270851e-06 1.332041e-03
228            2.984961e-01 1.458589e-04 2.634841e-01 2.337391e-01 1.432081e-04 2.623044e-01 6.475699e-02 2.650818e-06 1.179687e-03
229            2.979360e-01 2.185346e-04 2.471923e-01 2.331429e-01 2.084929e-04 2.461552e-01 6.479306e-02 1.004168e-05 1.037159e-03
230            2.977835e-01 2.288497e-04 2.400538e-01 2.329641e-01 2.105080e-04 2.391188e-01 6.481948e-02 1.834167e-05 9.350338e-04
231            2.981562e-01 2.037776e-04 2.435737e-01 2.333238e-01 1.766088e-04 2.426819e-01 6.483238e-02 2.716882e-05 8.918219e-04
232            2.990442e-01 1.847194e-04 2.566953e-01 2.342132e-01 1.477201e-04 2.557827e-01 6.483100e-02 3.699932e-05 9.125784e-04
233            3.002723e-01 2.038962e-04 2.764954e-01 2.354538e-01 1.560131e-04 2.755046e-01 6.481853e-02 4.788309e-05 9.908156e-04
234            3.015587e-01 2.681530e-04 2.991862e-01 2.367605e-01 2.087017e-04 2.980745e-01 6.479827e-02 5.945128e-05 1.111724e-03
235            3.027705e-01 3.475986e-04 3.208654e-01 2.379956e-01 2.766762e-04 3.196119e-01 6.477487e-02 7.092237e-05 1.253525e-03
236            3.038375e-01 4.058088e-04 3.378339e-01 2.390841e-01 3.240445e-04 3.364434e-01 6.475338e-02 8.176436e-05 1.390483e-03
237            3.046631e-01 4.365360e-04 3.469465e-01 2.399246e-01 3.448643e-04 3.454510e-01 6.473846e-02 9.167168e-05 1.495483e-03
238            3.050273e-01 4.657315e-04 3.462876e-01 2.402935e-01 3.651129e-04 3.447410e-01 6.473380e-02 1.006186e-04 1.546522e-03
239            3.049755e-01 5.752927e-04 3.355300e-01 2.402336e-01 4.660298e-04 3.339994e-01 6.474192e-02 1.092629e-04 1.530623e-03
240            3.048617e-01 7.601517e-04 3.163620e-01 2.400977e-01 6.423333e-04 3.149141e-01 6.476403e-02 1.178184e-04 1.447835e-03
241            3.046475e-01 9.559922e-04 2.930028e-01 2.398519e-01 8.296495e-04 2.916870e-01 6.479557e-02 1.263427e-04 1.315799e-03
242            3.043954e-01 1.051716e-03 2.708708e-01 2.395684e-01 9.180563e-04 2.697029e-01 6.482709e-02 1.336598e-04 1.167852e-03
243            3.042346e-01 9.576887e-04 2.550622e-01 2.393855e-01 8.192830e-04 2.540197e-01 6.484911e-02 1.384056e-04 1.042538e-03
244            3.043743e-01 6.836636e-04 2.487430e-01 2.395193e-01 5.436228e-04 2.477746e-01 6.485503e-02 1.400409e-04 9.683883e-04
245            3.049172e-01 3.050632e-04 2.526176e-01 2.400757e-01 1.660786e-04 2.516581e-01 6.484155e-02 1.389846e-04 9.595019e-04
246            3.058240e-01 -1.065942e-04 2.650177e-01 2.410140e-01 -2.422697e-04 2.640019e-01 6.481000e-02 1.356755e-04 1.015783e-03
247            3.069012e-01 -5.110839e-04 2.828349e-01 2.421368e-01 -6.412654e-04 2.817082e-01 6.476442e-02 1.301815e-04 1.126687e-03
248            3.078516e-01 -9.104990e-04 3.023490e-01 2.431419e-01 -1.032881e-03 3.010754e-01 6.470968e-02 1.223821e-04 1.273547e-03
249            3.085115e-01 -1.319933e-03 3.197945e-01 2.438600e-01 -1.431726e-03 3.183623e-01 6.465150e-02 1.117929e-04 1.432195e-03
250            3.088150e-01 -1.725555e-03 3.316964e-01 2.442185e-01 -1.824174e-03 3.301215e-01 6.459650e-02 9.861856e-05 1.574885e-03
251            3.087829e-01 -2.085133e-03 3.352577e-01 2.442313e-01 -2.169254e-03 3.335832e-01 6.455165e-02 8.412072e-05 1.674493e-03
252            3.085011e-01 -2.337825e-03 3.289756e-01 2.439772e-01 -2.407761e-03 3.272652e-01 6.452390e-02 6.993641e-05 1.710416e-03
253            3.080974e-01 -2.459725e-03 3.131451e-01 2.435793e-01 -2.516572e-03 3.114720e-01 6.451805e-02 5.684679e-05 1.673030e-03
254            3.075851e-01 -2.485796e-03 2.904231e-01 2.430518e-01 -2.530503e-03 2.888547e-01 6.453331e-02 4.470667e-05 1.568431e-03
255            3.068585e-01 -2.479093e-03 2.653436e-01 2.422961e-01 -2.512187e-03 2.639243e-01 6.456237e-02 3.309410e-05 1.419314e-03
256            3.059795e-01 -2.520470e-03 2.431322e-01 2.413846e-01 -2.541472e-03 2.418713e-01 6.459484e-02 2.100191e-05 1.260972e-03
257            3.051811e-01 -2.644915e-03 2.282922e-01 2.405601e-01 -2.651801e-03 2.271644e-01 6.462093e-02 6.885117e-06 1.127868e-03
258            3.046776e-01 -2.835704e-03 2.233971e-01 2.400430e-01 -2.826172e-03 2.223543e-01 6.463461e-02 -9.532165e-06 1.042827e-03
259            3.045990e-01 -3.066143e-03 2.286754e-01 2.399655e-01 -3.038048e-03 2.276599e-01 6.463352e-02 -2.809488e-05 1.015476e-03
260            3.049504e-01 -3.308629e-03 2.425389e-01 2.403312e-01 -3.259441e-03 2.414938e-01 6.461919e-02 -4.918847e-05 1.045164e-03
261            3.053890e-01 -3.568455e-03 2.613660e-01 2.407930e-01 -3.495711e-03 2.602453e-01 6.459597e-02 -7.274399e-05 1.120685e-03
262            3.057356e-01 -3.840033e-03 2.820640e-01 2.411666e-01 -3.740953e-03 2.808365e-01 6.456895e-02 -9.907939e-05 1.227440e-03
263            3.059808e-01 -4.086702e-03 3.011543e-01 2.414378e-01 -3.960047e-03 2.998087e-01 6.454301e-02 -1.266551e-04 1.345595e-03
264            3.061446e-01 -4.257477e-03 3.159225e-01 2.416221e-01 -4.104693e-03 3.144685e-01 6.452260e-02 -1.527842e-04 1.454068e-03
265            3.061466e-01 -4.311274e-03 3.231983e-01 2.416352e-01 -4.135386e-03 3.216688e-01 6.451131e-02 -1.758883e-04 1.529576e-03
266            3.059121e-01 -4.251002e-03 3.214286e-01 2.413993e-01 -4.055864e-03 3.198739e-01 6.451282e-02 -1.951382e-04 1.554701e-03
267            3.055134e-01 -4.129210e-03 3.104494e-01 2.409842e-01 -3.919044e-03 3.089288e-01 6.452921e-02 -2.101653e-04 1.520584e-03
268            3.051354e-01 -3.954421e-03 2.920135e-01 2.405749e-01 -3.733326e-03 2.905838e-01 6.456056e-02 -2.210953e-04 1.429708e-03
269            3.048285e-01 -3.692456e-03 2.698717e-01 2.402261e-01 -3.463593e-03 2.685732e-01 6.460242e-02 -2.288634e-04 1.298554e-03
270            3.045254e-01 -3.312736e-03 2.491482e-01 2.398800e-01 -3.078621e-03 2.479912e-01 6.464538e-02 -2.341151e-04 1.156954e-03
271            3.043370e-01 -2.805068e-03 2.343701e-01 2.396581e-01 -2.569199e-03 2.333325e-01 6.467897e-02 -2.358692e-04 1.037613e-03
272            3.044088e-01 -2.196943e-03 2.284938e-01 2.397134e-01 -1.962391e-03 2.275286e-01 6.469543e-02 -2.345519e-04 9.652483e-04
273            3.048136e-01 -1.523191e-03 2.322637e-01 2.401227e-01 -1.292976e-03 2.313113e-01 6.469088e-02 -2.302150e-04 9.524375e-04
274            3.054764e-01 -7.995622e-04 2.443054e-01 2.408114e-01 -5.758563e-04 2.433051e-01 6.466508e-02 -2.237059e-04 1.000351e-03
275            3.062196e-01 -3.150829e-05 2.617647e-01 2.415988e-01 1.835513e-04 2.606636e-01 6.462073e-02 -2.150596e-04 1.101087e-03
276            3.067146e-01 7.922965e-04 2.812777e-01 2.421531e-01 9.965639e-04 2.800383e-01 6.456152e-02 -2.042674e-04 1.239385e-03
277            3.068828e-01 1.671743e-03 2.991488e-01 2.423903e-01 1.862541e-03 2.977546e-01 6.449255e-02 -1.907979e-04 1.394250e-03
278            3.067509e-01 2.572867e-03 3.121449e-01 2.423297e-01 2.747169e-03 3.106044e-01 6.442119e-02 -1.743017e-04 1.540527e-03
279            3.063407e-01 3.457626e-03 3.175129e-01 2.419859e-01 3.612883e-03 3.158608e-01 6.435486e-02 -1.552561e-04 1.652142e-03
280            3.056169e-01 4.303867e-03 3.136272e-01 2.413163e-01 4.437624e-03 3.119186e-01 6.430059e-02 -1.337566e-04 1.708638e-03
281            3.046908e-01 5.108081e-03 3.003760e-01 2.404266e-01 5.217853e-03 2.986774e-01 6.426424e-02 -1.097716e-04 1.698580e-03
282            3.037874e-01 5.885786e-03 2.796750e-01 2.395382e-01 5.969298e-03 2.780516e-01 6.424924e-02 -8.351156e-05 1.623412e-03
283            3.029514e-01 6.648861e-03 2.554467e-01 2.386978e-01 6.702908e-03 2.539469e-01 6.425361e-02 -5.404718e-05 1.499763e-03
284            3.020721e-01 7.364542e-03 2.327498e-01 2.378032e-01 7.387286e-03 2.313917e-01 6.426885e-02 -2.274450e-05 1.358095e-03
285            3.012023e-01 7.979964e-03 2.162501e-01 2.369174e-01 7.971681e-03 2.150181e-01 6.428493e-02 8.282899e-06 1.232037e-03
286            3.005010e-01 8.492951e-03 2.089289e-01 2.362068e-01 8.454633e-03 2.077831e-01 6.429425e-02 3.831765e-05 1.145793e-03
287            3.000669e-01 8.932959e-03 2.115727e-01 2.357741e-01 8.865753e-03 2.104614e-01 6.429275e-02 6.720530e-05 1.111258e-03
288            2.999069e-01 9.304558e-03 2.230753e-01 2.356271e-01 9.210143e-03 2.219451e-01 6.427979e-02 9.441568e-05 1.130216e-03
289            2.997917e-01 9.605929e-03 2.401906e-01 2.355332e-01 9.487364e-03 2.389970e-01 6.425847e-02 1.185652e-04 1.193633e-03
290            2.995225e-01 9.799226e-03 2.598910e-01 2.352896e-01 9.659023e-03 2.586026e-01 6.423284e-02 1.402037e-04 1.288394e-03
291            2.991074e-01 9.828407e-03 2.787568e-01 2.348995e-01 9.669398e-03 2.773604e-01 6.420797e-02 1.590093e-04 1.396417e-03
292            2.986518e-01 9.684884e-03 2.942307e-01 2.344633e-01 9.510978e-03 2.927323e-01 6.418850e-02 1.739055e-04 1.498374e-03
293            2.981349e-01 9.420658e-03 3.031770e-01 2.339570e-01 9.233925e-03 3.016047e-01 6.417793e-02 1.867330e-04 1.572290e-03
294            2.975064e-01 9.133152e-03 3.040695e-01 2.333276e-01 8.933836e-03 3.024676e-01 6.417883e-02 1.993161e-04 1.601909e-03
295            2.967645e-01 8.911062e-03 2.966574e-01 2.325709e-01 8.696830e-03 2.950793e-01 6.419358e-02 2.142317e-04 1.578067e-03
296            2.960214e-01 8.754852e-03 2.822565e-01 2.317988e-01 8.521345e-03 2.807553e-01 6.422257e-02 2.335068e-04 1.501199e-03
297            2.953177e-01 8.584694e-03 2.640057e-01 2.310536e-01 8.328541e-03 2.626234e-01 6.426414e-02 2.561530e-04 1.382349e-03
298            2.946875e-01 8.267781e-03 2.462740e-01 2.303744e-01 7.985855e-03 2.450302e-01 6.431307e-02 2.819261e-04 1.243726e-03
299            2.942722e-01 7.736444e-03 2.335721e-01 2.299097e-01 7.427742e-03 2.324589e-01 6.436251e-02 3.087025e-04 1.113190e-03
300            2.942740e-01 6.992126e-03 2.292043e-01 2.298672e-01 6.658623e-03 2.281886e-01 6.440686e-02 3.335029e-04 1.015674e-03
301            2.947503e-01 6.106014e-03 2.345680e-01 2.303096e-01 5.751843e-03 2.335989e-01 6.444070e-02 3.541710e-04 9.691309e-04
302            2.956767e-01 5.131792e-03 2.488189e-01 2.312163e-01 4.762733e-03 2.478373e-01 6.446040e-02 3.690589e-04 9.815732e-04
303            2.969319e-01 4.111310e-03 2.693771e-01 2.324669e-01 3.734053e-03 2.683260e-01 6.446497e-02 3.772568e-04 1.051135e-03
304            2.983520e-01 3.063253e-03 2.927124e-01 2.338966e-01 2.685104e-03 2.915454e-01 6.445545e-02 3.781494e-04 1.167002e-03
305            2.998425e-01 1.976224e-03 3.150391e-01 2.354079e-01 1.604590e-03 3.137291e-01 6.443460e-02 3.716348e-04 1.309948e-03
306            3.013087e-01 8.593513e-04 3.327222e-01 2.369007e-01 5.004809e-04 3.312680e-01 6.440800e-02 3.588703e-04 1.454263e-03
307            3.025746e-01 -2.250182e-04 3.427730e-01 2.381946e-01 -5.669576e-04 3.411995e-01 6.437997e-02 3.419394e-04 1.573482e-03
308            3.033857e-01 -1.162584e-03 3.433764e-01 2.390314e-01 -1.485777e-03 3.417310e-01 6.435438e-02 3.231928e-04 1.645478e-03
309            3.037252e-01 -1.822746e-03 3.343139e-01 2.393903e-01 -2.128412e-03 3.326575e-01 6.433492e-02 3.056652e-04 1.656420e-03
310            3.038323e-01 -2.196054e-03 3.172672e-01 2.395080e-01 -2.487000e-03 3.156623e-01 6.432427e-02 2.909462e-04 1.604935e-03
311            3.037415e-01 -2.443665e-03 2.960406e-01 2.394188e-01 -2.722523e-03 2.945365e-01 6.432266e-02 2.788578e-04 1.504130e-03
312            3.035184e-01 -2.793425e-03 2.755749e-01 2.391918e-01 -3.061235e-03 2.741944e-01 6.432651e-02 2.678102e-04 1.380481e-03
313            3.032781e-01 -3.396467e-03 2.605191e-01 2.389471e-01 -3.651238e-03 2.592514e-01 6.433104e-02 2.547712e-04 1.267705e-03
314            3.031611e-01 -4.242710e-03 2.539563e-01 2.388303e-01 -4.480212e-03 2.527626e-01 6.433077e-02 2.375022e-04 1.193683e-03
315            3.032768e-01 -5.219786e-03 2.566789e-01 2.389536e-01 -5.436941e-03 2.555040e-01 6.432317e-02 2.171548e-04 1.174888e-03
316            3.036872e-01 -6.200152e-03 2.672562e-01 2.393779e-01 -6.394069e-03 2.660420e-01 6.430938e-02 1.939166e-04 1.214139e-03
317            3.043526e-01 -7.094960e-03 2.828706e-01 2.400579e-01 -7.263021e-03 2.815690e-01 6.429469e-02 1.680614e-04 1.301646e-03
318            3.049937e-01 -7.866685e-03 3.001908e-01 2.407086e-01 -8.005988e-03 2.987706e-01 6.428503e-02 1.393030e-04 1.420180e-03
319            3.054411e-01 -8.504448e-03 3.155160e-01 2.411557e-01 -8.610592e-03 3.139699e-01 6.428532e-02 1.061444e-04 1.546082e-03
320            3.055850e-01 -8.998942e-03 3.256515e-01 2.412829e-01 -9.067944e-03 3.239984e-01 6.430207e-02 6.900229e-05 1.653085e-03
321            3.054765e-01 -9.302718e-03 3.279056e-01 2.411370e-01 -9.331347e-03 3.261884e-01 6.433947e-02 2.862965e-05 1.717283e-03
322            3.051598e-01 -9.347721e-03 3.208611e-01 2.407630e-01 -9.332050e-03 3.191381e-01 6.439687e-02 -1.567156e-05 1.723032e-03
323            3.047617e-01 -9.096980e-03 3.048324e-01 2.402842e-01 -9.034112e-03 3.031746e-01 6.447754e-02 -6.286872e-05 1.657759e-03
324            3.042378e-01 -8.603938e-03 2.823628e-01 2.396573e-01 -8.495124e-03 2.808400e-01 6.458048e-02 -1.088134e-04 1.522778e-03
325            3.034910e-01 -7.940087e-03 2.577582e-01 2.387929e-01 -7.791238e-03 2.564212e-01 6.469813e-02 -1.488485e-04 1.337008e-03
326            3.024868e-01 -7.274236e-03 2.361864e-01 2.376673e-01 -7.096008e-03 2.350531e-01 6.481948e-02 -1.782280e-04 1.133325e-03
327            3.014706e-01 -6.764440e-03 2.222847e-01 2.365382e-01 -6.564683e-03 2.213363e-01 6.493243e-02 -1.997571e-04 9.484810e-04
328            3.006916e-01 -6.463131e-03 2.189472e-01 2.356642e-01 -6.247114e-03 2.181358e-01 6.502744e-02 -2.160172e-04 8.114280e-04
329            3.004220e-01 -6.358654e-03 2.269141e-01 2.353280e-01 -6.129939e-03 2.261721e-01 6.509404e-02 -2.287151e-04 7.419664e-04
330            3.007514e-01 -6.351553e-03 2.436945e-01 2.356206e-01 -6.113438e-03 2.429475e-01 6.513081e-02 -2.381148e-04 7.469532e-04
331            3.016289e-01 -6.327527e-03 2.662647e-01 2.364884e-01 -6.084017e-03 2.654441e-01 6.514050e-02 -2.435101e-04 8.205172e-04
332            3.028198e-01 -6.159024e-03 2.910266e-01 2.376906e-01 -5.914311e-03 2.900834e-01 6.512918e-02 -2.447127e-04 9.432381e-04
333            3.042130e-01 -5.751517e-03 3.141626e-01 2.391085e-01 -5.509646e-03 3.130725e-01 6.510454e-02 -2.418702e-04 1.090143e-03
334            3.056033e-01 -5.073141e-03 3.323476e-01 2.405285e-01 -4.837489e-03 3.311137e-01 6.507478e-02 -2.356520e-04 1.233876e-03
335            3.069352e-01 -4.139664e-03 3.429456e-01 2.418879e-01 -3.913348e-03 3.415987e-01 6.504724e-02 -2.263160e-04 1.346862e-03
336            3.076461e-01 -3.058631e-03 3.434706e-01 2.426182e-01 -2.843988e-03 3.420649e-01 6.502790e-02 -2.146434e-04 1.405643e-03
337            3.078785e-01 -1.891541e-03 3.337869e-01 2.428576e-01 -1.690203e-03 3.323895e-01 6.502099e-02 -2.013386e-04 1.397427e-03
338            3.079954e-01 -6.593359e-04 3.158251e-01 2.429670e-01 -4.732998e-04 3.145015e-01 6.502844e-02 -1.860361e-04 1.323633e-03
339            3.080594e-01 6.362471e-04 2.936506e-01 2.430126e-01 8.042549e-04 2.924487e-01 6.504680e-02 -1.680078e-04 1.201898e-03
340            3.080033e-01 1.896304e-03 2.727531e-01 2.429370e-01 2.043759e-03 2.716879e-01 6.506630e-02 -1.474551e-04 1.065121e-03
341            3.079035e-01 2.931495e-03 2.579348e-01 2.428273e-01 3.058363e-03 2.569838e-01 6.507624e-02 -1.268677e-04 9.510318e-04
342            3.078942e-01 3.635038e-03 2.521202e-01 2.428251e-01 3.744313e-03 2.512337e-01 6.506910e-02 -1.092751e-04 8.864879e-04
343            3.081166e-01 4.026663e-03 2.558378e-01 2.430748e-01 4.122667e-03 2.549536e-01 6.504181e-02 -9.600465e-05 8.841358e-04
344            3.085996e-01 4.167904e-03 2.675655e-01 2.436038e-01 4.254487e-03 2.666217e-01 6.499580e-02 -8.658260e-05 9.437703e-04
345            3.092344e-01 4.139538e-03 2.844338e-01 2.442994e-01 4.219832e-03 2.833788e-01 6.493495e-02 -8.029375e-05 1.054962e-03
346            3.096646e-01 3.981603e-03 3.031016e-01 2.448003e-01 4.057816e-03 3.019011e-01 6.486432e-02 -7.621390e-05 1.200495e-03
347            3.097032e-01 3.717105e-03 3.199126e-01 2.449135e-01 3.790510e-03 3.185541e-01 6.478967e-02 -7.340535e-05 1.358511e-03
348            3.092886e-01 3.384418e-03 3.317721e-01 2.445710e-01 3.455489e-03 3.302675e-01 6.471758e-02 -7.107159e-05 1.504599e-03
349            3.085461e-01 3.030901e-03 3.359412e-01 2.438896e-01 3.099414e-03 3.343286e-01 6.465649e-02 -6.851271e-05 1.612640e-03
350            3.074976e-01 2.721166e-03 3.308790e-01 2.428835e-01 2.786409e-03 3.292179e-01 6.461418e-02 -6.524293e-05 1.661112e-03
351            3.062627e-01 2.530526e-03 3.166341e-01 2.416663e-01 2.590462e-03 3.149964e-01 6.459641e-02 -5.993620e-05 1.637720e-03
352            3.047772e-01 2.487824e-03 2.956860e-01 2.401750e-01 2.539228e-03 2.941399e-01 6.460216e-02 -5.140425e-05 1.546113e-03
353            3.030754e-01 2.556173e-03 2.720680e-01 2.384493e-01 2.596685e-03 2.706628e-01 6.462606e-02 -4.051212e-05 1.405177e-03
354            3.012682e-01 2.651367e-03 2.509344e-01 2.366093e-01 2.679083e-03 2.496857e-01 6.465890e-02 -2.771600e-05 1.248631e-03
355            2.996431e-01 2.701025e-03 2.366924e-01 2.349521e-01 2.715966e-03 2.355810e-01 6.469098e-02 -1.494064e-05 1.111385e-03
356            2.984579e-01 2.698208e-03 2.324396e-01 2.337433e-01 2.701278e-03 2.314210e-01 6.471459e-02 -3.069291e-06 1.018634e-03
357            2.978223e-01 2.664281e-03 2.380119e-01 2.330952e-01 2.656637e-03 2.370306e-01 6.472713e-02 7.644122e-06 9.813200e-04
358            2.978412e-01 2.621578e-03 2.518492e-01 2.331104e-01 2.604134e-03 2.508489e-01 6.473085e-02 1.744411e-05 1.000299e-03
359            2.982106e-01 2.571074e-03 2.712048e-01 2.334835e-01 2.544648e-03 2.701353e-01 6.472710e-02 2.642566e-05 1.069515e-03
360            2.986485e-01 2.492977e-03 2.925592e-01 2.339304e-01 2.458123e-03 2.913837e-01 6.471808e-02 3.485419e-05 1.175524e-03
361            2.990364e-01 2.353658e-03 3.124605e-01 2.343302e-01 2.310332e-03 3.111617e-01 6.470611e-02 4.332565e-05 1.298812e-03
362            2.993663e-01 2.146797e-03 3.275530e-01 2.346694e-01 2.094464e-03 3.261386e-01 6.469693e-02 5.233294e-05 1.414388e-03
363            2.996467e-01 1.910890e-03 3.358220e-01 2.349504e-01 1.847588e-03 3.343233e-01 6.469632e-02 6.330189e-05 1.498688e-03
364            2.994456e-01 1.715539e-03 3.348483e-01 2.347357e-01 1.638993e-03 3.333199e-01 6.470983e-02 7.654621e-05 1.528363e-03
365            2.988512e-01 1.640924e-03 3.246087e-01 2.341083e-01 1.549022e-03 3.231174e-01 6.474289e-02 9.190223e-05 1.491263e-03
366            2.981852e-01 1.674321e-03 3.069755e-01 2.333887e-01 1.566226e-03 3.055872e-01 6.479644e-02 1.080952e-04 1.388352e-03
367            2.975633e-01 1.747895e-03 2.859498e-01 2.326982e-01 1.624279e-03 2.847128e-01 6.486509e-02 1.236159e-04 1.237015e-03
368            2.970581e-01 1.768661e-03 2.669740e-01 2.321200e-01 1.631156e-03 2.659031e-01 6.493809e-02 1.375056e-04 1.070878e-03
369            2.968925e-01 1.664526e-03 2.549084e-01 2.318882e-01 1.516475e-03 2.539802e-01 6.500424e-02 1.480507e-04 9.282155e-04
370            2.972491e-01 1.433034e-03 2.527755e-01 2.321943e-01 1.278025e-03 2.519370e-01 6.505471e-02 1.550091e-04 8.385308e-04
371            2.982158e-01 1.124654e-03 2.610318e-01 2.331310e-01 9.660909e-04 2.602146e-01 6.508480e-02 1.585632e-04 8.172612e-04
372            2.997423e-01 7.863515e-04 2.776712e-01 2.346473e-01 6.267744e-04 2.768059e-01 6.509507e-02 1.595771e-04 8.652978e-04
373            3.015886e-01 4.429344e-04 2.991918e-01 2.364998e-01 2.847084e-04 2.982198e-01 6.508878e-02 1.582260e-04 9.719674e-04
374            3.033879e-01 8.309072e-05 3.215424e-01 2.383172e-01 -7.187928e-05 3.204257e-01 6.507074e-02 1.549700e-04 1.116667e-03
375            3.049787e-01 -3.188096e-04 3.407339e-01 2.399314e-01 -4.683374e-04 3.394617e-01 6.504723e-02 1.495278e-04 1.272188e-03
376            3.062224e-01 -7.358976e-04 3.530944e-01 2.411975e-01 -8.778304e-04 3.516870e-01 6.502496e-02 1.419328e-04 1.407481e-03
377            3.069161e-01 -1.098735e-03 3.559509e-01 2.419067e-01 -1.232231e-03 3.544559e-01 6.500934e-02 1.334954e-04 1.494958e-03
378            3.070263e-01 -1.302550e-03 3.481683e-01 2.420210e-01 -1.428542e-03 3.466536e-01 6.500533e-02 1.259915e-04 1.514696e-03
379            3.068549e-01 -1.309585e-03 3.305823e-01 2.418384e-01 -1.430416e-03 3.291236e-01 6.501648e-02 1.208309e-04 1.458768e-03
380            3.064718e-01 -1.180877e-03 3.066852e-01 2.414299e-01 -1.299394e-03 3.053472e-01 6.504190e-02 1.185172e-04 1.338017e-03
381            3.059294e-01 -1.040639e-03 2.816890e-01 2.408553e-01 -1.158571e-03 2.805076e-01 6.507410e-02 1.179319e-04 1.181458e-03
382            3.053257e-01 -1.025399e-03 2.612761e-01 2.402229e-01 -1.142168e-03 2.602454e-01 6.510286e-02 1.167689e-04 1.030752e-03
383            3.049697e-01 -1.161193e-03 2.496874e-01 2.398499e-01 -1.274295e-03 2.487657e-01 6.511977e-02 1.131022e-04 9.217449e-04
384            3.050627e-01 -1.391858e-03 2.488253e-01 2.399421e-01 -1.498604e-03 2.479508e-01 6.512062e-02 1.067458e-04 8.745696e-04
385            3.056838e-01 -1.643585e-03 2.578796e-01 2.405786e-01 -1.742023e-03 2.569860e-01 6.510524e-02 9.843774e-05 8.936104e-04
386            3.066923e-01 -1.858173e-03 2.740731e-01 2.416147e-01 -1.947095e-03 2.731015e-01 6.507763e-02 8.892178e-05 9.716403e-04
387            3.077765e-01 -2.021009e-03 2.939394e-01 2.427346e-01 -2.099392e-03 2.928461e-01 6.504192e-02 7.838301e-05 1.093299e-03
388            3.085833e-01 -2.162920e-03 3.136365e-01 2.435806e-01 -2.229467e-03 3.123983e-01 6.500265e-02 6.654744e-05 1.238189e-03
389            3.090371e-01 -2.294190e-03 3.295009e-01 2.440730e-01 -2.347281e-03 3.281195e-01 6.496417e-02 5.309087e-05 1.381332e-03
390            3.090758e-01 -2.404875e-03 3.385150e-01 2.441445e-01 -2.443342e-03 3.370200e-01 6.493124e-02 3.846633e-05 1.495004e-03
391            3.087828e-01 -2.471444e-03 3.383995e-01 2.438728e-01 -2.494446e-03 3.368448e-01 6.490997e-02 2.300127e-05 1.554681e-03
392            3.082010e-01 -2.450034e-03 3.284826e-01 2.432965e-01 -2.456478e-03 3.269371e-01 6.490447e-02 6.444096e-06 1.545563e-03
393            3.074628e-01 -2.338820e-03 3.100771e-01 2.425467e-01 -2.327834e-03 3.086116e-01 6.491609e-02 -1.098636e-05 1.465481e-03
394            3.065987e-01 -2.157123e-03 2.868093e-01 2.416566e-01 -2.126663e-03 2.854808e-01 6.494210e-02 -3.046019e-05 1.328548e-03
395            3.055623e-01 -1.955610e-03 2.638553e-01 2.405887e-01 -1.904151e-03 2.626901e-01 6.497362e-02 -5.145977e-05 1.165215e-03
396            3.045572e-01 -1.788186e-03 2.464415e-01 2.395571e-01 -1.714215e-03 2.454272e-01 6.500009e-02 -7.397074e-05 1.014265e-03
397            3.038907e-01 -1.662662e-03 2.383065e-01 2.388788e-01 -1.565030e-03 2.373989e-01 6.501186e-02 -9.763188e-05 9.076210e-04
398            3.037774e-01 -1.554960e-03 2.408163e-01 2.387733e-01 -1.434073e-03 2.399536e-01 6.500412e-02 -1.208865e-04 8.626365e-04
399            3.042708e-01 -1.433845e-03 2.530167e-01 2.392940e-01 -1.291835e-03 2.521331e-01 6.497678e-02 -1.420096e-04 8.836660e-04
400            3.052618e-01 -1.284810e-03 2.722392e-01 2.403285e-01 -1.124461e-03 2.712745e-01 6.493329e-02 -1.603493e-04 9.646487e-04
401            3.063394e-01 -1.091987e-03 2.947294e-01 2.414626e-01 -9.156066e-04 2.936382e-01 6.487679e-02 -1.763806e-04 1.091243e-03
402            3.073419e-01 -8.467964e-04 3.168037e-01 2.425295e-01 -6.566117e-04 3.155585e-01 6.481241e-02 -1.901847e-04 1.245166e-03
403            3.082527e-01 -5.312686e-04 3.353149e-01 2.435073e-01 -3.299738e-04 3.339115e-01 6.474534e-02 -2.012947e-04 1.403425e-03
404            3.088800e-01 -1.456561e-04 3.464101e-01 2.441953e-01 6.443422e-05 3.448730e-01 6.468469e-02 -2.100903e-04 1.537173e-03
405            3.090904e-01 3.007601e-04 3.476542e-01 2.444539e-01 5.171419e-04 3.460339e-01 6.463652e-02 -2.163818e-04 1.620297e-03
406            3.088038e-01 7.722113e-04 3.381288e-01 2.441972e-01 9.924209e-04 3.364935e-01 6.460665e-02 -2.202096e-04 1.635260e-03
407            3.082529e-01 1.259777e-03 3.188886e-01 2.436552e-01 1.480560e-03 3.173119e-01 6.459773e-02 -2.207830e-04 1.576697e-03
408            3.074916e-01 1.770380e-03 2.936979e-01 2.428821e-01 1.987357e-03 2.922419e-01 6.460954e-02 -2.169773e-04 1.455972e-03
409            3.066074e-01 2.289121e-03 2.679819e-01 2.419712e-01 2.496672e-03 2.666805e-01 6.463624e-02 -2.075516e-04 1.301315e-03
410            3.057025e-01 2.774850e-03 2.473384e-01 2.410348e-01 2.966916e-03 2.461860e-01 6.466766e-02 -1.920653e-04 1.152367e-03
411            3.050182e-01 3.206675e-03 2.357599e-01 2.403241e-01 3.377875e-03 2.347174e-01 6.469406e-02 -1.712001e-04 1.042453e-03
412            3.047185e-01 3.605095e-03 2.348237e-01 2.400081e-01 3.750933e-03 2.338334e-01 6.471036e-02 -1.458383e-04 9.903415e-04
413            3.048556e-01 3.998705e-03 2.436464e-01 2.401398e-01 4.114332e-03 2.426462e-01 6.471574e-02 -1.156265e-04 1.000248e-03
414            3.052613e-01 4.408380e-03 2.594251e-01 2.405503e-01 4.490450e-03 2.583589e-01 6.471098e-02 -8.207020e-05 1.066120e-03
415            3.055493e-01 4.825526e-03 2.786757e-01 2.408525e-01 4.871808e-03 2.775000e-01 6.469678e-02 -4.628213e-05 1.175610e-03
416            3.055015e-01 5.215767e-03 2.975796e-01 2.408273e-01 5.225568e-03 2.962699e-01 6.467419e-02 -9.801181e-06 1.309726e-03
417            3.050598e-01 5.532374e-03 3.125185e-01 2.404130e-01 5.506156e-03 3.110753e-01 6.464675e-02 2.621767e-05 1.443205e-03
418            3.042424e-01 5.749074e-03 3.206482e-01 2.396215e-01 5.689224e-03 3.190988e-01 6.462091e-02 5.984956e-05 1.549360e-03
419            3.030931e-01 5.880137e-03 3.199484e-01 2.384904e-01 5.789328e-03 3.183442e-01 6.460272e-02 9.080876e-05 1.604150e-03
420            3.017130e-01 6.005098e-03 3.098283e-01 2.371146e-01 5.884714e-03 3.082371e-01 6.459841e-02 1.203836e-04 1.591233e-03
421            3.002537e-01 6.151077e-03 2.916704e-01 2.356399e-01 6.000689e-03 2.901639e-01 6.461389e-02 1.503878e-04 1.506542e-03
422            2.987028e-01 6.284640e-03 2.691641e-01 2.340521e-01 6.102922e-03 2.678017e-01 6.465067e-02 1.817180e-04 1.362340e-03
423            2.970911e-01 6.308815e-03 2.474193e-01 2.323883e-01 6.094954e-03 2.462313e-01 6.470277e-02 2.138604e-04 1.187969e-03
424            2.955886e-01 6.113110e-03 2.316674e-01 2.308292e-01 5.870006e-03 2.306457e-01 6.475937e-02 2.431040e-04 1.021668e-03
425            2.945652e-01 5.684423e-03 2.256620e-01 2.297551e-01 5.417759e-03 2.247658e-01 6.481015e-02 2.666641e-04 8.962467e-04
426            2.942519e-01 5.086999e-03 2.307955e-01 2.294033e-01 4.804021e-03 2.299641e-01 6.484855e-02 2.829782e-04 8.314356e-04
427            2.947023e-01 4.361789e-03 2.459346e-01 2.298292e-01 4.070051e-03 2.451012e-01 6.487312e-02 2.917375e-04 8.334285e-04
428            2.957253e-01 3.543743e-03 2.680363e-01 2.308412e-01 3.251028e-03 2.671393e-01 6.488405e-02 2.927147e-04 8.970002e-04
429            2.970433e-01 2.613278e-03 2.929557e-01 2.321584e-01 2.327343e-03 2.919475e-01 6.488489e-02 2.859350e-04 1.008195e-03
430            2.985125e-01 1.592004e-03 3.170346e-01 2.336343e-01 1.319872e-03 3.158875e-01 6.487816e-02 2.721317e-04 1.147094e-03
431            3.002257e-01 5.446967e-04 3.370806e-01 2.353582e-01 2.917128e-04 3.357906e-01 6.486750e-02 2.529839e-04 1.290021e-03
432            3.018492e-01 -3.948296e-04 3.494086e-01 2.369913e-01 -6.257727e-04 3.479995e-01 6.485781e-02 2.309431e-04 1.409127e-03
433            3.030473e-01 -1.113379e-03 3.519255e-01 2.381938e-01 -1.321947e-03 3.504435e-01 6.485349e-02 2.085687e-04 1.481999e-03
434            3.036713e-01 -1.545616e-03 3.439610e-01 2.388128e-01 -1.733452e-03 3.424678e-01 6.485842e-02 1.878357e-04 1.493172e-03
435            3.039623e-01 -1.712867e-03 3.266287e-01 2.390862e-01 -1.883070e-03 3.251912e-01 6.487609e-02 1.702027e-04 1.437433e-03
436            3.040840e-01 -1.752250e-03 3.034780e-01 2.391785e-01 -1.907918e-03 3.021524e-01 6.490541e-02 1.556685e-04 1.325528e-03
437            3.041664e-01 -1.810960e-03 2.797014e-01 2.392266e-01 -1.954880e-03 2.785177e-01 6.493979e-02 1.439208e-04 1.183728e-03
438            3.042908e-01 -1.986503e-03 2.607416e-01 2.393219e-01 -2.120489e-03 2.596918e-01 6.496890e-02 1.339861e-04 1.049754e-03
439            3.045840e-01 -2.286080e-03 2.505656e-01 2.396002e-01 -2.411596e-03 2.496091e-01 6.498372e-02 1.255166e-04 9.564276e-04
440            3.050913e-01 -2.648574e-03 2.507887e-01 2.401130e-01 -2.767438e-03 2.498654e-01 6.497831e-02 1.188642e-04 9.233698e-04
441            3.058795e-01 -3.005732e-03 2.604421e-01 2.409275e-01 -3.120297e-03 2.594867e-01 6.495202e-02 1.145655e-04 9.553682e-04
442            3.068466e-01 -3.308482e-03 2.768207e-01 2.419396e-01 -3.420898e-03 2.757746e-01 6.490697e-02 1.124154e-04 1.046133e-03
443            3.078088e-01 -3.551164e-03 2.963723e-01 2.429613e-01 -3.663159e-03 2.951907e-01 6.484752e-02 1.119943e-04 1.181599e-03
444            3.084978e-01 -3.749495e-03 3.153762e-01 2.437191e-01 -3.862436e-03 3.140354e-01 6.477865e-02 1.129409e-04 1.340835e-03
445            3.088408e-01 -3.917767e-03 3.301460e-01 2.441345e-01 -4.032559e-03 3.286474e-01 6.470631e-02 1.147918e-04 1.498519e-03
446            3.088194e-01 -4.052656e-03 3.377628e-01 2.441817e-01 -4.168992e-03 3.361355e-01 6.463763e-02 1.163362e-04 1.627315e-03
447            3.085869e-01 -4.137169e-03 3.360333e-01 2.440057e-01 -4.253771e-03 3.343304e-01 6.458112e-02 1.166021e-04 1.702900e-03
448            3.081893e-01 -4.124781e-03 3.244856e-01 2.436453e-01 -4.239557e-03 3.227756e-01 6.454396e-02 1.147759e-04 1.709991e-03
449            3.076857e-01 -4.026420e-03 3.046624e-01 2.431567e-01 -4.136592e-03 3.030163e-01 6.452902e-02 1.101716e-04 1.646063e-03
450            3.069113e-01 -3.884724e-03 2.802835e-01 2.423782e-01 -3.987326e-03 2.787579e-01 6.453313e-02 1.026020e-04 1.525685e-03
451            3.059509e-01 -3.763677e-03 2.563018e-01 2.414032e-01 -3.854298e-03 2.549234e-01 6.454769e-02 9.062072e-05 1.378356e-03
452            3.049410e-01 -3.726723e-03 2.375319e-01 2.403775e-01 -3.800438e-03 2.362927e-01 6.456352e-02 7.371490e-05 1.239202e-03
453            3.041099e-01 -3.792285e-03 2.274931e-01 2.395367e-01 -3.843513e-03 2.263567e-01 6.457323e-02 5.122858e-05 1.136424e-03
454            3.036826e-01 -3.936397e-03 2.278176e-01 2.391103e-01 -3.959717e-03 2.267311e-01 6.457223e-02 2.331996e-05 1.086563e-03
455            3.036048e-01 -4.130315e-03 2.368173e-01 2.390466e-01 -4.119877e-03 2.357253e-01 6.455821e-02 -1.043860e-05 1.092023e-03
456            3.038179e-01 -4.345202e-03 2.521646e-01 2.392822e-01 -4.296112e-03 2.510171e-01 6.453566e-02 -4.908984e-05 1.147459e-03
457            3.040118e-01 -4.556418e-03 2.708950e-01 2.395042e-01 -4.463742e-03 2.696542e-01 6.450756e-02 -9.267606e-05 1.240848e-03
458            3.040286e-01 -4.733854e-03 2.896250e-01 2.395521e-01 -4.593949e-03 2.882690e-01 6.447644e-02 -1.399046e-04 1.355939e-03
459            3.038443e-01 -4.831622e-03 3.051396e-01 2.393978e-01 -4.643977e-03 3.036688e-01 6.444647e-02 -1.876454e-04 1.470829e-03
460            3.034422e-01 -4.805585e-03 3.146286e-01 2.390203e-01 -4.573483e-03 3.130657e-01 6.442196e-02 -2.321023e-04 1.562885e-03
461            3.027482e-01 -4.649381e-03 3.161200e-01 2.383432e-01 -4.378685e-03 3.145074e-01 6.440496e-02 -2.706956e-04 1.612626e-03
462            3.019184e-01 -4.402254e-03 3.090515e-01 2.375213e-01 -4.101041e-03 3.074435e-01 6.439713e-02 -3.012133e-04 1.608047e-03
463            3.009329e-01 -4.126665e-03 2.935999e-01 2.365338e-01 -3.803036e-03 2.920547e-01 6.439913e-02 -3.236292e-04 1.545184e-03
464            2.999886e-01 -3.788333e-03 2.728340e-01 2.355806e-01 -3.449861e-03 2.713984e-01 6.440800e-02 -3.384714e-04 1.435636e-03
465            2.991008e-01 -3.337093e-03 2.514108e-01 2.346833e-01 -2.990291e-03 2.501078e-01 6.441757e-02 -3.468020e-04 1.303080e-03
466            2.983317e-01 -2.708202e-03 2.344717e-01 2.339126e-01 -2.359289e-03 2.332915e-01 6.441909e-02 -3.489133e-04 1.180171e-03
467            2.979041e-01 -1.898923e-03 2.257428e-01 2.334990e-01 -1.554969e-03 2.246467e-01 6.440506e-02 -3.439541e-04 1.096160e-03
468            2.979267e-01 -9.408442e-04 2.270145e-01 2.335535e-01 -6.090651e-04 2.259463e-01 6.437317e-02 -3.317792e-04 1.068270e-03
469            2.984141e-01 1.737605e-04 2.376765e-01 2.340880e-01 4.868566e-04 2.365757e-01 6.432615e-02 -3.130962e-04 1.100779e-03
470            2.992680e-01 1.428136e-03 2.552613e-01 2.349969e-01 1.716050e-03 2.540743e-01 6.427111e-02 -2.879146e-04 1.187049e-03
471            3.001324e-01 2.868239e-03 2.760777e-01 2.359185e-01 3.123887e-03 2.747654e-01 6.421390e-02 -2.556483e-04 1.312265e-03
472            3.009942e-01 4.469385e-03 2.964964e-01 2.368312e-01 4.684649e-03 2.950392e-01 6.416301e-02 -2.152642e-04 1.457147e-03
473            3.018685e-01 6.132906e-03 3.134420e-01 2.377432e-01 6.301769e-03 3.118432e-01 6.412525e-02 -1.688639e-04 1.598752e-03
474            3.026175e-01 7.666614e-03 3.232833e-01 2.385113e-01 7.786299e-03 3.215731e-01 6.410614e-02 -1.196843e-04 1.710270e-03
475            3.030429e-01 8.968505e-03 3.238179e-01 2.389351e-01 9.039166e-03 3.220477e-01 6.410775e-02 -7.066109e-05 1.770239e-03
476            3.030797e-01 1.004324e-02 3.142593e-01 2.389493e-01 1.006545e-02 3.124951e-01 6.413042e-02 -2.220744e-05 1.764198e-03
477            3.030417e-01 1.092323e-02 2.955330e-01 2.388674e-01 1.089698e-02 2.938462e-01 6.417435e-02 2.625328e-05 1.686789e-03
478            3.029978e-01 1.161647e-02 2.710204e-01 2.387612e-01 1.154110e-02 2.694730e-01 6.423653e-02 7.536272e-05 1.547367e-03
479            3.028471e-01 1.208181e-02 2.459265e-01 2.385373e-01 1.195694e-02 2.445551e-01 6.430975e-02 1.248736e-04 1.371434e-03
480            3.025596e-01 1.223465e-02 2.258505e-01 2.381757e-01 1.206188e-02 2.246541e-01 6.438389e-02 1.727762e-04 1.196352e-03
481            3.023675e-01 1.208058e-02 2.150201e-01 2.379169e-01 1.186327e-02 2.139642e-01 6.445063e-02 2.173105e-04 1.055848e-03
482            3.024255e-01 1.171347e-02 2.153718e-01 2.379204e-01 1.145626e-02 2.144012e-01 6.450513e-02 2.572093e-04 9.706652e-04
483            3.028119e-01 1.123043e-02 2.262136e-01 2.382668e-01 1.093811e-02 2.252638e-01 6.454510e-02 2.923245e-04 9.498519e-04
484            3.034680e-01 1.070162e-02 2.449360e-01 2.388985e-01 1.037963e-02 2.439440e-01 6.456950e-02 3.219910e-04 9.919292e-04
485            3.042264e-01 1.012374e-02 2.679207e-01 2.396499e-01 9.780296e-03 2.668330e-01 6.457652e-02 3.434489e-04 1.087692e-03
486            3.049527e-01 9.378017e-03 2.912178e-01 2.403857e-01 9.023393e-03 2.899972e-01 6.456701e-02 3.546246e-04 1.220607e-03
487            3.056116e-01 8.376951e-03 3.110550e-01 2.410671e-01 8.023489e-03 3.096877e-01 6.454451e-02 3.534616e-04 1.367319e-03
488            3.061883e-01 7.120984e-03 3.240554e-01 2.416733e-01 6.779883e-03 3.225560e-01 6.451500e-02 3.411011e-04 1.499453e-03
489            3.065650e-01 5.718781e-03 3.277944e-01 2.420793e-01 5.398862e-03 3.262032e-01 6.448576e-02 3.199195e-04 1.591268e-03
490            3.066874e-01 4.362645e-03 3.213138e-01 2.422252e-01 4.068072e-03 3.196900e-01 6.446219e-02 2.945736e-04 1.623853e-03
491            3.066386e-01 3.139914e-03 3.056374e-01 2.421916e-01 2.871996e-03 3.040456e-01 6.444702e-02 2.679182e-04 1.591728e-03
492            3.063895e-01 1.964768e-03 2.839195e-01 2.419499e-01 1.723724e-03 2.824156e-01 6.443962e-02 2.410441e-04 1.503903e-03
493            3.059521e-01 6.776758e-04 2.608146e-01 2.415159e-01 4.646499e-04 2.594305e-01 6.443628e-02 2.130259e-04 1.384068e-03
494            3.054675e-01 -8.353374e-04 2.412634e-01 2.410367e-01 -1.016689e-03 2.399992e-01 6.443075e-02 1.813518e-04 1.264144e-03
495            3.051214e-01 -2.509885e-03 2.291644e-01 2.407046e-01 -2.655259e-03 2.279907e-01 6.441680e-02 1.453738e-04 1.173689e-03
496            3.049588e-01 -4.171812e-03 2.264914e-01 2.405686e-01 -4.279305e-03 2.253590e-01 6.439013e-02 1.074930e-04 1.132386e-03
497            3.050120e-01 -5.677830e-03 2.328690e-01 2.406605e-01 -5.747103e-03 2.317209e-01 6.435150e-02 6.927265e-05 1.148135e-03
498            3.052193e-01 -6.961793e-03 2.461890e-01 2.409141e-01 -6.992416e-03 2.449718e-01 6.430518e-02 3.062250e-05 1.217147e-03
499            3.054074e-01 -8.022534e-03 2.633649e-01 2.411512e-01 -8.013832e-03 2.620381e-01 6.425617e-02 -8.701440e-06 1.326759e-03
500            3.054561e-01 -8.879574e-03 2.809854e-01 2.412466e-01 -8.832207e-03 2.795269e-01 6.420950e-02 -4.736701e-05 1.458442e-03
