# Moment      
# CofR        : (-1.000000e+01 0.000000e+00 0.000000e+00)
#
# Time        	total_x total_y total_z	pressure_x pressure_y pressure_z	viscous_x viscous_y viscous_z
1              4.066211e-05 -2.184174e+02 -2.626144e-02 4.064731e-05 -2.184413e+02 -2.625878e-02 1.479640e-08 2.392951e-02 -2.652759e-06
2              -2.428920e-03 -5.796551e+01 5.408511e-01 -2.400859e-03 -5.978354e+01 5.360381e-01 -2.806098e-05 1.818036e+00 4.812976e-03
3              -2.127439e-02 5.973176e+01 5.248212e+00 -2.126092e-02 5.896399e+01 5.238535e+00 -1.346240e-05 7.677701e-01 9.677796e-03
4              -6.064881e-03 1.633217e+02 2.989515e+00 -6.064617e-03 1.631477e+02 2.990805e+00 -2.632410e-07 1.739659e-01 -1.289902e-03
5              -3.655808e-03 4.116052e+01 1.776593e+00 -3.658208e-03 4.133251e+01 1.772879e+00 2.399896e-06 -1.719902e-01 3.714129e-03
6              -5.277853e-03 -5.662688e+01 1.247600e+00 -5.277775e-03 -5.632375e+01 1.243511e+00 -7.778246e-08 -3.031298e-01 4.089085e-03
7              -4.726889e-03 -9.276010e+01 1.394752e-01 -4.759884e-03 -9.230189e+01 1.374076e-01 3.299535e-05 -4.582122e-01 2.067572e-03
8              -6.928292e-03 -6.605984e+01 6.541558e-01 -7.018597e-03 -6.549602e+01 6.505608e-01 9.030531e-05 -5.638178e-01 3.595031e-03
9              -7.227998e-03 -2.785829e+01 7.744188e-01 -7.181858e-03 -2.739974e+01 7.427692e-01 -4.613960e-05 -4.585491e-01 3.164962e-02
10             -7.054101e-03 1.548404e+01 7.326463e-01 -7.042493e-03 1.571319e+01 7.008633e-01 -1.160800e-05 -2.291526e-01 3.178297e-02
11             -4.019654e-03 4.593415e+01 2.132733e-01 -4.043403e-03 4.604941e+01 1.873441e-01 2.374889e-05 -1.152629e-01 2.592926e-02
12             4.187644e-04 6.469975e+01 -4.254264e-01 2.700503e-04 6.471528e+01 -4.462573e-01 1.487141e-04 -1.553299e-02 2.083090e-02
13             8.843379e-03 7.081253e+01 -1.964986e+00 8.851378e-03 7.082315e+01 -1.995993e+00 -7.999182e-06 -1.061996e-02 3.100684e-02
14             1.517861e-02 6.947930e+01 -3.084852e+00 1.518491e-02 6.943680e+01 -3.136915e+00 -6.303707e-06 4.249952e-02 5.206283e-02
15             1.895673e-02 6.284982e+01 -3.664029e+00 1.898486e-02 6.273142e+01 -3.716425e+00 -2.813415e-05 1.184013e-01 5.239565e-02
16             2.293360e-02 5.447864e+01 -4.025307e+00 2.290773e-02 5.432126e+01 -4.078475e+00 2.586897e-05 1.573769e-01 5.316772e-02
17             2.376216e-02 4.757855e+01 -3.882040e+00 2.385150e-02 4.739878e+01 -3.948896e+00 -8.933659e-05 1.797673e-01 6.685599e-02
18             2.691509e-02 4.201660e+01 -4.359321e+00 2.697862e-02 4.185088e+01 -4.411265e+00 -6.352784e-05 1.657192e-01 5.194394e-02
19             2.846144e-02 3.687114e+01 -4.895001e+00 2.855007e-02 3.671182e+01 -4.943702e+00 -8.862526e-05 1.593190e-01 4.870063e-02
20             2.869823e-02 3.064469e+01 -5.354113e+00 2.879953e-02 3.049740e+01 -5.403073e+00 -1.012975e-04 1.472899e-01 4.895926e-02
21             2.592154e-02 2.186073e+01 -5.310555e+00 2.604338e-02 2.174023e+01 -5.359043e+00 -1.218374e-04 1.205050e-01 4.848811e-02
22             2.293664e-02 1.202087e+01 -5.178515e+00 2.306819e-02 1.192631e+01 -5.227709e+00 -1.315464e-04 9.456237e-02 4.919428e-02
23             1.985869e-02 4.889786e+00 -4.802609e+00 1.998152e-02 4.826312e+00 -4.837931e+00 -1.228357e-04 6.347432e-02 3.532205e-02
24             1.669618e-02 8.692930e-01 -4.274343e+00 1.685200e-02 8.249416e-01 -4.315675e+00 -1.558288e-04 4.435142e-02 4.133116e-02
25             1.289505e-02 -5.795082e-01 -3.377102e+00 1.303950e-02 -6.062104e-01 -3.412784e+00 -1.444517e-04 2.670226e-02 3.568283e-02
26             6.487575e-03 -6.627418e-01 -1.770004e+00 6.661720e-03 -6.764232e-01 -1.811601e+00 -1.741448e-04 1.368139e-02 4.159768e-02
27             -1.603253e-03 -3.678037e-01 2.897396e-01 -1.409130e-03 -3.737213e-01 2.458875e-01 -1.941234e-04 5.917633e-03 4.385219e-02
28             -8.568543e-03 -2.703831e-02 2.128628e+00 -8.353112e-03 -3.195570e-02 2.074469e+00 -2.154308e-04 4.917392e-03 5.415899e-02
29             -1.164828e-02 3.724512e-01 3.074975e+00 -1.143879e-02 3.642280e-01 3.019220e+00 -2.094834e-04 8.223200e-03 5.575461e-02
30             -1.175773e-02 4.805736e-01 3.226735e+00 -1.153113e-02 4.626000e-01 3.159575e+00 -2.265994e-04 1.797359e-02 6.716046e-02
31             -9.340573e-03 4.149762e-01 2.679747e+00 -9.122756e-03 3.895636e-01 2.609208e+00 -2.178164e-04 2.541266e-02 7.053936e-02
32             -5.908391e-03 3.327125e-01 1.766245e+00 -5.710945e-03 3.005775e-01 1.693750e+00 -1.974458e-04 3.213498e-02 7.249553e-02
33             -2.465533e-03 2.930681e-01 8.057854e-01 -2.300143e-03 2.575497e-01 7.394963e-01 -1.653903e-04 3.551831e-02 6.628915e-02
34             3.716925e-05 2.074747e-01 3.946662e-02 1.721149e-04 1.690371e-01 -1.894805e-02 -1.349456e-04 3.843758e-02 5.841467e-02
35             1.745692e-03 1.522960e-01 -5.782213e-01 1.848943e-03 1.106527e-01 -6.233202e-01 -1.032513e-04 4.164329e-02 4.509883e-02
36             3.173196e-03 1.154438e-01 -1.146390e+00 3.232315e-03 7.344076e-02 -1.176139e+00 -5.911904e-05 4.200300e-02 2.974916e-02
37             4.508173e-03 1.018594e-01 -1.686554e+00 4.531577e-03 5.803746e-02 -1.702145e+00 -2.340367e-05 4.382196e-02 1.559047e-02
38             6.438030e-03 1.314637e-01 -2.285534e+00 6.395078e-03 8.555375e-02 -2.283688e+00 4.295208e-05 4.591000e-02 -1.846611e-03
39             8.439707e-03 1.124007e-01 -2.818272e+00 8.359105e-03 6.418682e-02 -2.804245e+00 8.060202e-05 4.821386e-02 -1.402677e-02
40             1.016582e-02 -1.449143e-02 -3.196350e+00 1.003540e-02 -6.331511e-02 -3.168694e+00 1.304106e-04 4.882368e-02 -2.765571e-02
41             1.110547e-02 -2.919227e-01 -3.326395e+00 1.094774e-02 -3.398168e-01 -3.289276e+00 1.577306e-04 4.789416e-02 -3.711855e-02
42             1.135266e-02 -7.281087e-01 -3.259358e+00 1.116320e-02 -7.736048e-01 -3.212703e+00 1.894624e-04 4.549611e-02 -4.665456e-02
43             1.072823e-02 -1.272766e+00 -2.991336e+00 1.051905e-02 -1.314713e+00 -2.937620e+00 2.091752e-04 4.194632e-02 -5.371627e-02
44             9.383489e-03 -1.863394e+00 -2.562617e+00 9.161710e-03 -1.900981e+00 -2.503655e+00 2.217794e-04 3.758758e-02 -5.896183e-02
45             7.406578e-03 -2.480761e+00 -1.974516e+00 7.182667e-03 -2.513109e+00 -1.913024e+00 2.239109e-04 3.234859e-02 -6.149232e-02
46             5.233745e-03 -3.046661e+00 -1.347629e+00 5.015341e-03 -3.072609e+00 -1.286331e+00 2.184041e-04 2.594819e-02 -6.129789e-02
47             2.901206e-03 -3.512685e+00 -6.833534e-01 2.702446e-03 -3.531573e+00 -6.254105e-01 1.987599e-04 1.888814e-02 -5.794289e-02
48             4.124015e-04 -3.863078e+00 1.114670e-02 2.358898e-04 -3.874608e+00 6.381031e-02 1.765117e-04 1.153088e-02 -5.266361e-02
49             -2.244735e-03 -4.104207e+00 7.232146e-01 -2.387875e-03 -4.108606e+00 7.678461e-01 1.431401e-04 4.398524e-03 -4.463146e-02
50             -4.945755e-03 -4.264054e+00 1.416879e+00 -5.052809e-03 -4.261682e+00 1.452122e+00 1.070536e-04 -2.371715e-03 -3.524309e-02
51             -7.426783e-03 -4.326593e+00 2.039073e+00 -7.489989e-03 -4.318623e+00 2.063138e+00 6.320572e-05 -7.970520e-03 -2.406463e-02
52             -9.456771e-03 -4.304295e+00 2.546994e+00 -9.476385e-03 -4.292445e+00 2.559493e+00 1.961361e-05 -1.184995e-02 -1.249899e-02
53             -1.084256e-02 -4.212060e+00 2.897870e+00 -1.081820e-02 -4.197062e+00 2.898706e+00 -2.436001e-05 -1.499856e-02 -8.364974e-04
54             -1.153383e-02 -4.073067e+00 3.074257e+00 -1.147441e-02 -4.056520e+00 3.065427e+00 -5.942181e-05 -1.654628e-02 8.830123e-03
55             -1.150655e-02 -3.906343e+00 3.071994e+00 -1.142169e-02 -3.888634e+00 3.055791e+00 -8.485253e-05 -1.770880e-02 1.620309e-02
56             -1.080366e-02 -3.713487e+00 2.894584e+00 -1.070210e-02 -3.695365e+00 2.873417e+00 -1.015588e-04 -1.812130e-02 2.116646e-02
57             -9.650370e-03 -3.525097e+00 2.606931e+00 -9.542622e-03 -3.507050e+00 2.583374e+00 -1.077482e-04 -1.804641e-02 2.355697e-02
58             -8.215132e-03 -3.352010e+00 2.249195e+00 -8.106954e-03 -3.334220e+00 2.224855e+00 -1.081772e-04 -1.779003e-02 2.433996e-02
59             -6.628540e-03 -3.200401e+00 1.855893e+00 -6.526898e-03 -3.182925e+00 1.832351e+00 -1.016422e-04 -1.747617e-02 2.354171e-02
60             -5.021967e-03 -3.071033e+00 1.457730e+00 -4.930789e-03 -3.053860e+00 1.435844e+00 -9.117781e-05 -1.717368e-02 2.188612e-02
61             -3.489150e-03 -2.962400e+00 1.074838e+00 -3.410735e-03 -2.945464e+00 1.055238e+00 -7.841548e-05 -1.693640e-02 1.960005e-02
62             -2.112742e-03 -2.877882e+00 7.228638e-01 -2.047400e-03 -2.861100e+00 7.058701e-01 -6.534194e-05 -1.678109e-02 1.699368e-02
63             -9.347044e-04 -2.819783e+00 4.112643e-01 -8.816040e-04 -2.803006e+00 3.968147e-01 -5.310040e-05 -1.677674e-02 1.444958e-02
64             6.655113e-05 -2.796273e+00 1.374265e-01 1.081247e-04 -2.779081e+00 1.257043e-01 -4.157359e-05 -1.719221e-02 1.172217e-02
65             8.410275e-04 -2.792445e+00 -8.110182e-02 8.727909e-04 -2.774757e+00 -9.035120e-02 -3.176348e-05 -1.768845e-02 9.249379e-03
66             1.409517e-03 -2.805427e+00 -2.458692e-01 1.433619e-03 -2.787124e+00 -2.530068e-01 -2.410237e-05 -1.830307e-02 7.137601e-03
67             1.801165e-03 -2.826512e+00 -3.609877e-01 1.818756e-03 -2.807702e+00 -3.663328e-01 -1.759083e-05 -1.881035e-02 5.345107e-03
68             2.036392e-03 -2.846083e+00 -4.309249e-01 2.049657e-03 -2.826818e+00 -4.348582e-01 -1.326505e-05 -1.926575e-02 3.933280e-03
69             2.145340e-03 -2.855302e+00 -4.634181e-01 2.155236e-03 -2.835824e+00 -4.662937e-01 -9.896536e-06 -1.947863e-02 2.875576e-03
70             2.154757e-03 -2.850132e+00 -4.663123e-01 2.162476e-03 -2.830516e+00 -4.684002e-01 -7.719263e-06 -1.961602e-02 2.087915e-03
71             2.093246e-03 -2.831321e+00 -4.480512e-01 2.098973e-03 -2.811859e+00 -4.495538e-01 -5.726719e-06 -1.946225e-02 1.502663e-03
72             1.975019e-03 -2.803757e+00 -4.149784e-01 1.979491e-03 -2.784520e+00 -4.161044e-01 -4.471932e-06 -1.923677e-02 1.126023e-03
73             1.817031e-03 -2.777641e+00 -3.731834e-01 1.820443e-03 -2.758784e+00 -3.740721e-01 -3.412273e-06 -1.885738e-02 8.886821e-04
74             1.628779e-03 -2.763774e+00 -3.270255e-01 1.631699e-03 -2.745233e+00 -3.278114e-01 -2.919174e-06 -1.854048e-02 7.859339e-04
75             1.422858e-03 -2.769400e+00 -2.805197e-01 1.425309e-03 -2.751132e+00 -2.812667e-01 -2.451394e-06 -1.826812e-02 7.469477e-04
76             1.207065e-03 -2.796250e+00 -2.361251e-01 1.209430e-03 -2.778048e+00 -2.369122e-01 -2.364718e-06 -1.820136e-02 7.871239e-04
77             9.940583e-04 -2.840287e+00 -1.961897e-01 9.960682e-04 -2.821967e+00 -1.970190e-01 -2.009933e-06 -1.831965e-02 8.293022e-04
78             7.907608e-04 -2.892185e+00 -1.616412e-01 7.927919e-04 -2.873611e+00 -1.625648e-01 -2.031090e-06 -1.857425e-02 9.235549e-04
79             6.067077e-04 -2.939341e+00 -1.334334e-01 6.084639e-04 -2.920442e+00 -1.343953e-01 -1.756182e-06 -1.889861e-02 9.619538e-04
80             4.543560e-04 -2.960745e+00 -1.143556e-01 4.557461e-04 -2.941553e+00 -1.152900e-01 -1.390073e-06 -1.919245e-02 9.344074e-04
81             3.283547e-04 -2.960878e+00 -9.951044e-02 3.289720e-04 -2.941506e+00 -1.003027e-01 -6.173628e-07 -1.937164e-02 7.922233e-04
82             2.258342e-04 -2.924426e+00 -8.814883e-02 2.256357e-04 -2.905088e+00 -8.873670e-02 1.984553e-07 -1.933781e-02 5.878662e-04
83             1.456738e-04 -2.846673e+00 -7.924771e-02 1.441959e-04 -2.827642e+00 -7.953080e-02 1.477893e-06 -1.903033e-02 2.830895e-04
84             8.563128e-05 -2.731472e+00 -7.181071e-02 8.294455e-05 -2.713028e+00 -7.177146e-02 2.686729e-06 -1.844357e-02 -3.924353e-05
85             4.645899e-05 -2.601757e+00 -6.514544e-02 4.217135e-05 -2.584137e+00 -6.473444e-02 4.287646e-06 -1.761992e-02 -4.109964e-04
86             3.022807e-05 -2.462132e+00 -6.059444e-02 2.436002e-05 -2.445504e+00 -5.980137e-02 5.868051e-06 -1.662844e-02 -7.930680e-04
87             4.240340e-05 -2.339363e+00 -5.876637e-02 3.456294e-05 -2.323856e+00 -5.751040e-02 7.840456e-06 -1.550708e-02 -1.255969e-03
88             8.527952e-05 -2.257846e+00 -5.977506e-02 7.554513e-05 -2.243448e+00 -5.802813e-02 9.734383e-06 -1.439806e-02 -1.746933e-03
89             1.589048e-04 -2.236487e+00 -6.375653e-02 1.472778e-04 -2.223077e+00 -6.146880e-02 1.162704e-05 -1.341071e-02 -2.287729e-03
90             2.549282e-04 -2.285368e+00 -6.947239e-02 2.418248e-04 -2.272665e+00 -6.667664e-02 1.310346e-05 -1.270291e-02 -2.795749e-03
91             3.584088e-04 -2.399399e+00 -7.589175e-02 3.440611e-04 -2.386970e+00 -7.263046e-02 1.434768e-05 -1.242908e-02 -3.261290e-03
92             4.531443e-04 -2.562844e+00 -8.148107e-02 4.381232e-04 -2.550263e+00 -7.787740e-02 1.502106e-05 -1.258064e-02 -3.603663e-03
93             5.269505e-04 -2.754363e+00 -8.467437e-02 5.115583e-04 -2.741268e+00 -8.083428e-02 1.539220e-05 -1.309501e-02 -3.840084e-03
94             5.715061e-04 -2.948974e+00 -8.428291e-02 5.562481e-04 -2.935171e+00 -8.034091e-02 1.525796e-05 -1.380285e-02 -3.942008e-03
95             5.863647e-04 -3.122183e+00 -8.020775e-02 5.715616e-04 -3.107643e+00 -7.627622e-02 1.480311e-05 -1.454058e-02 -3.931532e-03
96             5.751540e-04 -3.251992e+00 -7.299415e-02 5.610724e-04 -3.236843e+00 -6.917799e-02 1.408162e-05 -1.514931e-02 -3.816168e-03
97             5.470943e-04 -3.324752e+00 -6.385798e-02 5.337503e-04 -3.309255e+00 -6.020593e-02 1.334401e-05 -1.549730e-02 -3.652057e-03
98             5.069831e-04 -3.332954e+00 -5.387825e-02 4.944195e-04 -3.317450e+00 -5.041557e-02 1.256363e-05 -1.550418e-02 -3.462674e-03
99             4.555874e-04 -3.277765e+00 -4.350937e-02 4.438546e-04 -3.262644e+00 -4.024541e-02 1.173277e-05 -1.512114e-02 -3.263954e-03
100            3.919825e-04 -3.170076e+00 -3.263464e-02 3.812864e-04 -3.155732e+00 -2.959211e-02 1.069606e-05 -1.434344e-02 -3.042524e-03
101            3.181696e-04 -3.032433e+00 -2.106742e-02 3.086585e-04 -3.019183e+00 -1.825781e-02 9.511064e-06 -1.325010e-02 -2.809603e-03
102            2.399196e-04 -2.894854e+00 -8.810288e-03 2.316572e-04 -2.882827e+00 -6.229393e-03 8.262411e-06 -1.202666e-02 -2.580895e-03
103            1.666280e-04 -2.788053e+00 3.539111e-03 1.595730e-04 -2.777137e+00 5.914017e-03 7.055049e-06 -1.091553e-02 -2.374906e-03
104            1.079773e-04 -2.735739e+00 1.493809e-02 1.020621e-04 -2.725598e+00 1.713829e-02 5.915241e-06 -1.014133e-02 -2.200207e-03
105            7.029680e-05 -2.747693e+00 2.449198e-02 6.536594e-05 -2.737841e+00 2.656473e-02 4.930860e-06 -9.852589e-03 -2.072745e-03
106            5.451270e-05 -2.818389e+00 3.177299e-02 5.043244e-05 -2.808310e+00 3.376133e-02 4.080259e-06 -1.007872e-02 -1.988344e-03
107            5.650626e-05 -2.930444e+00 3.681508e-02 5.319291e-05 -2.919702e+00 3.874655e-02 3.313350e-06 -1.074230e-02 -1.931474e-03
108            6.988915e-05 -3.059823e+00 3.990788e-02 6.732180e-05 -3.048121e+00 4.179391e-02 2.567351e-06 -1.170185e-02 -1.886036e-03
109            8.806597e-05 -3.181079e+00 4.151273e-02 8.625164e-05 -3.168308e+00 4.335312e-02 1.814331e-06 -1.277127e-02 -1.840390e-03
110            1.068425e-04 -3.271300e+00 4.204411e-02 1.058332e-04 -3.257521e+00 4.383131e-02 1.009323e-06 -1.377888e-02 -1.787206e-03
111            1.237482e-04 -3.307765e+00 4.188100e-02 1.235578e-04 -3.293256e+00 4.360409e-02 1.904450e-07 -1.450900e-02 -1.723085e-03
112            1.372324e-04 -3.278731e+00 4.137113e-02 1.379317e-04 -3.263925e+00 4.301129e-02 -6.992782e-07 -1.480609e-02 -1.640157e-03
113            1.455108e-04 -3.184768e+00 4.100784e-02 1.471620e-04 -3.170192e+00 4.254303e-02 -1.651187e-06 -1.457586e-02 -1.535195e-03
114            1.473000e-04 -3.035113e+00 4.118194e-02 1.500443e-04 -3.021296e+00 4.258040e-02 -2.744264e-06 -1.381693e-02 -1.398455e-03
115            1.411201e-04 -2.859692e+00 4.241469e-02 1.451558e-04 -2.847027e+00 4.363617e-02 -4.035700e-06 -1.266422e-02 -1.221474e-03
116            1.279934e-04 -2.694385e+00 4.502726e-02 1.335579e-04 -2.683043e+00 4.601549e-02 -5.564539e-06 -1.134272e-02 -9.882370e-04
117            1.110237e-04 -2.572341e+00 4.898796e-02 1.183181e-04 -2.562246e+00 4.967582e-02 -7.294430e-06 -1.009489e-02 -6.878597e-04
118            9.350898e-05 -2.514881e+00 5.397473e-02 1.026862e-04 -2.505772e+00 5.428724e-02 -9.177201e-06 -9.108647e-03 -3.125069e-04
119            7.752450e-05 -2.527924e+00 5.957156e-02 8.864401e-05 -2.519432e+00 5.943793e-02 -1.111951e-05 -8.492188e-03 1.336286e-04
120            6.286170e-05 -2.601068e+00 6.542118e-02 7.588699e-05 -2.592811e+00 6.477732e-02 -1.302529e-05 -8.257085e-03 6.438584e-04
121            4.726063e-05 -2.714233e+00 7.116952e-02 6.201315e-05 -2.705887e+00 6.997208e-02 -1.475252e-05 -8.345326e-03 1.197437e-03
122            2.588366e-05 -2.841491e+00 7.652742e-02 4.204607e-05 -2.832830e+00 7.476846e-02 -1.616241e-05 -8.660840e-03 1.758966e-03
123            -1.988668e-06 -2.963028e+00 8.102619e-02 1.511251e-05 -2.953973e+00 7.873180e-02 -1.710118e-05 -9.054880e-03 2.294391e-03
124            -4.005691e-05 -3.062594e+00 8.428944e-02 -2.249680e-05 -3.053185e+00 8.151289e-02 -1.756011e-05 -9.408733e-03 2.776553e-03
125            -9.409024e-05 -3.123781e+00 8.615868e-02 -7.642436e-05 -3.114178e+00 8.297797e-02 -1.766588e-05 -9.602861e-03 3.180712e-03
126            -1.629611e-04 -3.137490e+00 8.664562e-02 -1.454901e-04 -3.127946e+00 8.316679e-02 -1.747099e-05 -9.544147e-03 3.478830e-03
127            -2.415665e-04 -3.101194e+00 8.592590e-02 -2.244651e-04 -3.091991e+00 8.226876e-02 -1.710145e-05 -9.202938e-03 3.657142e-03
128            -3.206087e-04 -3.021202e+00 8.428836e-02 -3.039246e-04 -3.012612e+00 8.055728e-02 -1.668408e-05 -8.589964e-03 3.731087e-03
129            -3.875499e-04 -2.915887e+00 8.168350e-02 -3.713583e-04 -2.908135e+00 7.795599e-02 -1.619158e-05 -7.752421e-03 3.727502e-03
130            -4.311324e-04 -2.812706e+00 7.781456e-02 -4.155219e-04 -2.805876e+00 7.414337e-02 -1.561045e-05 -6.830344e-03 3.671189e-03
131            -4.445085e-04 -2.741093e+00 7.232021e-02 -4.296791e-04 -2.735085e+00 6.875399e-02 -1.482940e-05 -6.008083e-03 3.566218e-03
132            -4.280182e-04 -2.723692e+00 6.496145e-02 -4.142185e-04 -2.718228e+00 6.155118e-02 -1.379975e-05 -5.463847e-03 3.410268e-03
133            -3.885559e-04 -2.770226e+00 5.586114e-02 -3.760250e-04 -2.764921e+00 5.266341e-02 -1.253089e-05 -5.304937e-03 3.197724e-03
134            -3.347585e-04 -2.874928e+00 4.516835e-02 -3.236590e-04 -2.869367e+00 4.223508e-02 -1.109951e-05 -5.561095e-03 2.933277e-03
135            -2.731559e-04 -3.019122e+00 3.292440e-02 -2.635768e-04 -3.012928e+00 3.030469e-02 -9.579099e-06 -6.194728e-03 2.619708e-03
136            -2.081005e-04 -3.176880e+00 1.943288e-02 -2.000645e-04 -3.169772e+00 1.716981e-02 -8.035989e-06 -7.107553e-03 2.263075e-03
137            -1.418915e-04 -3.320760e+00 5.361320e-03 -1.353753e-04 -3.312609e+00 3.486401e-03 -6.516225e-06 -8.151160e-03 1.874919e-03
138            -7.528638e-05 -3.423799e+00 -8.414258e-03 -7.027023e-05 -3.414658e+00 -9.880537e-03 -5.016144e-06 -9.140489e-03 1.466280e-03
139            -9.905012e-06 -3.467640e+00 -2.088344e-02 -6.336943e-06 -3.457753e+00 -2.194290e-02 -3.568069e-06 -9.886827e-03 1.059453e-03
140            5.244407e-05 -3.440973e+00 -3.131807e-02 5.463062e-05 -3.430737e+00 -3.199244e-02 -2.186549e-06 -1.023639e-02 6.743663e-04
141            1.097796e-04 -3.344210e+00 -3.952403e-02 1.106275e-04 -3.334111e+00 -3.984361e-02 -8.479669e-07 -1.009913e-02 3.195812e-04
142            1.579901e-04 -3.191925e+00 -4.538976e-02 1.575765e-04 -3.182446e+00 -4.539342e-02 4.136318e-07 -9.478903e-03 3.657401e-06
143            1.922928e-04 -3.014498e+00 -4.893216e-02 1.907577e-04 -3.006000e+00 -4.866311e-02 1.535047e-06 -8.498259e-03 -2.690445e-04
144            2.089391e-04 -2.849529e+00 -5.022473e-02 2.065223e-04 -2.842139e+00 -4.973216e-02 2.416748e-06 -7.389487e-03 -4.925699e-04
145            2.071628e-04 -2.732264e+00 -4.936137e-02 2.041594e-04 -2.725847e+00 -4.869515e-02 3.003358e-06 -6.416459e-03 -6.662174e-04
146            1.914667e-04 -2.685961e+00 -4.688684e-02 1.881829e-04 -2.680170e+00 -4.609934e-02 3.283821e-06 -5.790854e-03 -7.874994e-04
147            1.690871e-04 -2.717017e+00 -4.340166e-02 1.657570e-04 -2.711384e+00 -4.253833e-02 3.330132e-06 -5.633414e-03 -8.633240e-04
148            1.466261e-04 -2.814672e+00 -3.927057e-02 1.434062e-04 -2.808705e+00 -3.836941e-02 3.219966e-06 -5.967326e-03 -9.011642e-04
149            1.282539e-04 -2.956213e+00 -3.468647e-02 1.252388e-04 -2.949479e+00 -3.378124e-02 3.015122e-06 -6.733855e-03 -9.052354e-04
150            1.153593e-04 -3.114793e+00 -2.968482e-02 1.126121e-04 -3.106979e+00 -2.880912e-02 2.747240e-06 -7.814636e-03 -8.756997e-04
151            1.060179e-04 -3.260848e+00 -2.430325e-02 1.035712e-04 -3.251815e+00 -2.348802e-02 2.446719e-06 -9.033752e-03 -8.152313e-04
152            9.870222e-05 -3.366398e+00 -1.872154e-02 9.655447e-05 -3.356220e+00 -1.798964e-02 2.147753e-06 -1.017862e-02 -7.319070e-04
153            9.188251e-05 -3.408332e+00 -1.322704e-02 9.001222e-05 -3.397303e+00 -1.259294e-02 1.870286e-06 -1.102922e-02 -6.341022e-04
154            8.444010e-05 -3.373234e+00 -8.176954e-03 8.280426e-05 -3.361829e+00 -7.643950e-03 1.635832e-06 -1.140585e-02 -5.330039e-04
155            7.593927e-05 -3.260844e+00 -3.945635e-03 7.450539e-05 -3.249636e+00 -3.509766e-03 1.433876e-06 -1.120787e-02 -4.358691e-04
156            6.494834e-05 -3.087090e+00 -5.099597e-04 6.368793e-05 -3.076646e+00 -1.586833e-04 1.260408e-06 -1.044435e-02 -3.512764e-04
157            4.989866e-05 -2.885080e+00 2.352773e-03 4.883638e-05 -2.875823e+00 2.630377e-03 1.062272e-06 -9.257572e-03 -2.776044e-04
158            3.024827e-05 -2.696494e+00 4.889618e-03 2.943555e-05 -2.688582e+00 5.102699e-03 8.127189e-07 -7.912625e-03 -2.130804e-04
159            7.388388e-06 -2.562027e+00 7.234153e-03 6.881139e-06 -2.555318e+00 7.386847e-03 5.072490e-07 -6.709087e-03 -1.526945e-04
160            -1.564792e-05 -2.508815e+00 9.331322e-03 -1.583000e-05 -2.502929e+00 9.427444e-03 1.820801e-07 -5.886405e-03 -9.612204e-05
161            -3.577237e-05 -2.545586e+00 1.107365e-02 -3.564791e-05 -2.540008e+00 1.111651e-02 -1.244652e-07 -5.577961e-03 -4.286624e-05
162            -5.110825e-05 -2.661017e+00 1.242119e-02 -5.071851e-05 -2.655204e+00 1.241625e-02 -3.897404e-07 -5.812634e-03 4.936459e-06
163            -6.107646e-05 -2.829927e+00 1.336750e-02 -6.048332e-05 -2.823397e+00 1.331870e-02 -5.931386e-07 -6.529756e-03 4.880182e-05
164            -6.618707e-05 -3.020421e+00 1.394533e-02 -6.545012e-05 -3.012825e+00 1.385802e-02 -7.369519e-07 -7.596354e-03 8.730702e-05
165            -6.741558e-05 -3.199953e+00 1.421787e-02 -6.659120e-05 -3.191129e+00 1.409722e-02 -8.243877e-07 -8.823916e-03 1.206549e-04
166            -6.539422e-05 -3.338939e+00 1.420239e-02 -6.453626e-05 -3.328946e+00 1.405453e-02 -8.579564e-07 -9.992795e-03 1.478574e-04
167            -6.066298e-05 -3.413103e+00 1.388002e-02 -5.982690e-05 -3.402219e+00 1.371361e-02 -8.360735e-07 -1.088400e-02 1.664133e-04
168            -5.399233e-05 -3.407993e+00 1.324960e-02 -5.321891e-05 -3.396669e+00 1.307241e-02 -7.734195e-07 -1.132457e-02 1.771898e-04
169            -4.587347e-05 -3.321196e+00 1.228272e-02 -4.518526e-05 -3.309978e+00 1.210139e-02 -6.882116e-07 -1.121846e-02 1.813279e-04
170            -3.729901e-05 -3.165272e+00 1.102273e-02 -3.670076e-05 -3.154707e+00 1.084336e-02 -5.982476e-07 -1.056506e-02 1.793719e-04
171            -2.927813e-05 -2.971705e+00 9.527183e-03 -2.876744e-05 -2.962220e+00 9.356043e-03 -5.106910e-07 -9.485256e-03 1.711406e-04
172            -2.255186e-05 -2.783707e+00 7.882875e-03 -2.211220e-05 -2.775482e+00 7.725558e-03 -4.396611e-07 -8.225266e-03 1.573171e-04
173            -1.763710e-05 -2.644851e+00 6.251497e-03 -1.724273e-05 -2.637766e+00 6.110445e-03 -3.943779e-07 -7.084838e-03 1.410520e-04
174            -1.460742e-05 -2.585644e+00 4.753186e-03 -1.423301e-05 -2.579335e+00 4.627942e-03 -3.744089e-07 -6.308773e-03 1.252433e-04
175            -1.301350e-05 -2.617437e+00 3.421177e-03 -1.263518e-05 -2.611398e+00 3.309526e-03 -3.783242e-07 -6.039049e-03 1.116510e-04
176            -1.209545e-05 -2.730948e+00 2.263759e-03 -1.170413e-05 -2.724635e+00 2.163197e-03 -3.913205e-07 -6.313217e-03 1.005617e-04
177            -1.097483e-05 -2.902245e+00 1.277642e-03 -1.057243e-05 -2.895160e+00 1.185284e-03 -4.024033e-07 -7.084653e-03 9.235799e-05
178            -9.130911e-06 -3.099336e+00 5.017575e-04 -8.740580e-06 -3.091101e+00 4.162817e-04 -3.903314e-07 -8.235102e-03 8.547577e-05
179            -6.364461e-06 -3.288133e+00 -1.957565e-05 -6.011577e-06 -3.278552e+00 -1.002006e-04 -3.528841e-07 -9.581465e-03 8.062492e-05
180            -2.505638e-06 -3.436526e+00 -2.827916e-04 -2.243335e-06 -3.425634e+00 -3.571599e-04 -2.623024e-07 -1.089202e-02 7.436832e-05
181            2.415614e-06 -3.516821e+00 -3.320215e-04 2.521154e-06 -3.504893e+00 -3.952130e-04 -1.055397e-07 -1.192730e-02 6.319142e-05
182            8.284425e-06 -3.510749e+00 -2.531043e-04 8.157675e-06 -3.498269e+00 -2.969784e-04 1.267496e-07 -1.247964e-02 4.387410e-05
183            1.502960e-05 -3.414994e+00 -1.709883e-04 1.460471e-05 -3.402569e+00 -1.853119e-04 4.248878e-07 -1.242544e-02 1.432355e-05
184            2.223488e-05 -3.244911e+00 -1.539692e-04 2.144204e-05 -3.233153e+00 -1.233273e-04 7.928318e-07 -1.175860e-02 -3.064188e-05
185            2.937553e-05 -3.036051e+00 -2.196756e-04 2.816782e-05 -3.025425e+00 -1.251384e-04 1.207702e-06 -1.062633e-02 -9.453720e-05
186            3.595578e-05 -2.833197e+00 -2.853421e-04 3.432554e-05 -2.823886e+00 -1.099486e-04 1.630246e-06 -9.310735e-03 -1.753935e-04
187            4.188118e-05 -2.679918e+00 -2.386952e-04 3.984605e-05 -2.671778e+00 3.173939e-05 2.035136e-06 -8.139669e-03 -2.704346e-04
188            4.758911e-05 -2.605822e+00 -2.573407e-05 4.518121e-05 -2.598449e+00 3.506399e-04 2.407905e-06 -7.373089e-03 -3.763740e-04
189            5.373686e-05 -2.620893e+00 3.389946e-04 5.096829e-05 -2.613745e+00 8.356010e-04 2.768568e-06 -7.147696e-03 -4.966064e-04
190            6.071598e-05 -2.715848e+00 8.104368e-04 5.757932e-05 -2.708360e+00 1.443320e-03 3.136663e-06 -7.488234e-03 -6.328831e-04
191            6.863722e-05 -2.867605e+00 1.340156e-03 6.511413e-05 -2.859276e+00 2.124833e-03 3.523088e-06 -8.329282e-03 -7.846767e-04
192            7.697667e-05 -3.045250e+00 1.945267e-03 7.304917e-05 -3.035713e+00 2.892394e-03 3.927501e-06 -9.536646e-03 -9.471269e-04
193            8.471512e-05 -3.215750e+00 2.689361e-03 8.040628e-05 -3.204827e+00 3.798435e-03 4.308843e-06 -1.092323e-02 -1.109074e-03
194            9.103006e-05 -3.347586e+00 3.586064e-03 8.640589e-05 -3.335319e+00 4.843412e-03 4.624169e-06 -1.226688e-02 -1.257348e-03
195            9.574603e-05 -3.412906e+00 4.574721e-03 9.090804e-05 -3.399579e+00 5.955199e-03 4.837996e-06 -1.332676e-02 -1.380478e-03
196            9.910149e-05 -3.392806e+00 5.559063e-03 9.416179e-05 -3.378919e+00 7.030826e-03 4.939701e-06 -1.388671e-02 -1.471762e-03
197            1.013301e-04 -3.283395e+00 6.453569e-03 9.641588e-05 -3.269597e+00 7.979193e-03 4.914234e-06 -1.379804e-02 -1.525624e-03
198            1.018492e-04 -3.100177e+00 7.303677e-03 9.709448e-05 -3.087141e+00 8.843519e-03 4.754677e-06 -1.303665e-02 -1.539841e-03
199            1.000353e-04 -2.877746e+00 8.195948e-03 9.556417e-05 -2.866008e+00 9.713011e-03 4.471135e-06 -1.173822e-02 -1.517062e-03
200            9.541117e-05 -2.661819e+00 9.265767e-03 9.131365e-05 -2.651632e+00 1.072692e-02 4.097519e-06 -1.018681e-02 -1.461158e-03
201            8.816528e-05 -2.499270e+00 1.058668e-02 8.450433e-05 -2.490537e+00 1.195845e-02 3.660956e-06 -8.732439e-03 -1.371770e-03
202            7.908237e-05 -2.424239e+00 1.211954e-02 7.585285e-05 -2.416573e+00 1.337445e-02 3.229519e-06 -7.666245e-03 -1.254917e-03
203            6.859569e-05 -2.449427e+00 1.382076e-02 6.573353e-05 -2.442277e+00 1.493953e-02 2.862158e-06 -7.149588e-03 -1.118775e-03
204            5.640934e-05 -2.565764e+00 1.573446e-02 5.382602e-05 -2.558531e+00 1.670516e-02 2.583325e-06 -7.232817e-03 -9.707016e-04
205            4.281830e-05 -2.747558e+00 1.785462e-02 4.044420e-05 -2.739687e+00 1.866950e-02 2.374107e-06 -7.870249e-03 -8.148826e-04
206            2.556734e-05 -2.959455e+00 2.017642e-02 2.337081e-05 -2.950514e+00 2.083190e-02 2.196531e-06 -8.941813e-03 -6.554815e-04
207            6.245756e-06 -3.167371e+00 2.246163e-02 4.211414e-06 -3.157091e+00 2.296171e-02 2.034342e-06 -1.027992e-02 -5.000841e-04
208            -1.465503e-05 -3.336003e+00 2.435780e-02 -1.648142e-05 -3.324354e+00 2.471138e-02 1.826390e-06 -1.164959e-02 -3.535832e-04
209            -3.605794e-05 -3.434072e+00 2.560689e-02 -3.757087e-05 -3.421285e+00 2.582345e-02 1.512931e-06 -1.278735e-02 -2.165578e-04
210            -5.658032e-05 -3.439257e+00 2.614384e-02 -5.765575e-05 -3.425803e+00 2.623343e-02 1.075430e-06 -1.345475e-02 -8.958567e-05
211            -7.538549e-05 -3.343784e+00 2.632682e-02 -7.595007e-05 -3.330306e+00 2.630200e-02 5.645805e-07 -1.347743e-02 2.482286e-05
212            -8.984097e-05 -3.158192e+00 2.625795e-02 -8.984515e-05 -3.145393e+00 2.612603e-02 4.175927e-09 -1.279849e-02 1.319164e-04
213            -9.621061e-05 -2.918380e+00 2.577326e-02 -9.568819e-05 -2.906846e+00 2.554482e-02 -5.224234e-07 -1.153405e-02 2.284347e-04
214            -9.103097e-05 -2.675282e+00 2.451784e-02 -9.011377e-05 -2.665312e+00 2.421182e-02 -9.172021e-07 -9.969316e-03 3.060201e-04
215            -7.363292e-05 -2.483086e+00 2.217621e-02 -7.250960e-05 -2.474602e+00 2.182135e-02 -1.123319e-06 -8.484051e-03 3.548600e-04
216            -4.778840e-05 -2.381762e+00 1.884696e-02 -4.664015e-05 -2.374361e+00 1.847692e-02 -1.148250e-06 -7.400690e-03 3.700401e-04
217            -2.018468e-05 -2.388086e+00 1.506297e-02 -1.913062e-05 -2.381190e+00 1.471022e-02 -1.054064e-06 -6.895721e-03 3.527552e-04
218            3.593134e-06 -2.493843e+00 1.128087e-02 4.504572e-06 -2.486826e+00 1.096832e-02 -9.114377e-07 -7.017791e-03 3.125466e-04
219            2.083406e-05 -2.671676e+00 7.797443e-03 2.162771e-05 -2.663973e+00 7.539980e-03 -7.936487e-07 -7.703096e-03 2.574633e-04
220            3.137749e-05 -2.885022e+00 4.738157e-03 3.210341e-05 -2.876208e+00 4.545207e-03 -7.259210e-07 -8.813567e-03 1.929500e-04
221            3.649827e-05 -3.095766e+00 2.107221e-03 3.721425e-05 -3.085609e+00 1.984552e-03 -7.159860e-07 -1.015710e-02 1.226689e-04
222            3.766906e-05 -3.268111e+00 -7.705439e-05 3.844754e-05 -3.256624e+00 -1.294729e-04 -7.784819e-07 -1.148683e-02 5.241847e-05
223            3.599952e-05 -3.370611e+00 -1.658653e-03 3.690415e-05 -3.358069e+00 -1.647316e-03 -9.046376e-07 -1.254287e-02 -1.133767e-05
224            3.245607e-05 -3.382630e+00 -2.481843e-03 3.356244e-05 -3.369526e+00 -2.422049e-03 -1.106362e-06 -1.310480e-02 -5.979328e-05
225            2.739966e-05 -3.297785e+00 -2.299978e-03 2.881431e-05 -3.284753e+00 -2.219225e-03 -1.414648e-06 -1.303161e-02 -8.075222e-05
226            2.275221e-05 -3.127122e+00 -1.281432e-03 2.452752e-05 -3.114835e+00 -1.207285e-03 -1.775314e-06 -1.228700e-02 -7.414702e-05
227            2.085501e-05 -2.905433e+00 1.532150e-04 2.303143e-05 -2.894437e+00 1.915089e-04 -2.176424e-06 -1.099556e-02 -3.829395e-05
228            2.343570e-05 -2.684224e+00 1.476057e-03 2.599146e-05 -2.674792e+00 1.453632e-03 -2.555758e-06 -9.432217e-03 2.242465e-05
229            3.039304e-05 -2.517639e+00 2.215862e-03 3.325376e-05 -2.509669e+00 2.117474e-03 -2.860719e-06 -7.969921e-03 9.838806e-05
230            3.881269e-05 -2.444732e+00 2.319396e-03 4.190551e-05 -2.437809e+00 2.135530e-03 -3.092815e-06 -6.922291e-03 1.838666e-04
231            4.455777e-05 -2.480875e+00 2.062453e-03 4.780670e-05 -2.474396e+00 1.787490e-03 -3.248923e-06 -6.479042e-03 2.749624e-04
232            4.433315e-05 -2.615226e+00 1.867895e-03 4.772485e-05 -2.608534e+00 1.491358e-03 -3.391702e-06 -6.691872e-03 3.765370e-04
233            3.680577e-05 -2.817858e+00 2.064906e-03 4.034848e-05 -2.810364e+00 1.575821e-03 -3.542708e-06 -7.494086e-03 4.890848e-04
234            2.219655e-05 -3.050010e+00 2.723023e-03 2.590158e-05 -3.041276e+00 2.114242e-03 -3.705024e-06 -8.733797e-03 6.087812e-04
235            1.997987e-06 -3.271760e+00 3.537143e-03 5.872281e-06 -3.261573e+00 2.809593e-03 -3.874294e-06 -1.018766e-02 7.275504e-04
236            -2.229675e-05 -3.445274e+00 4.136302e-03 -1.820827e-05 -3.433682e+00 3.296434e-03 -4.088473e-06 -1.159178e-02 8.398684e-04
237            -4.954551e-05 -3.538391e+00 4.456965e-03 -4.517524e-05 -3.525723e+00 3.514414e-03 -4.370272e-06 -1.266810e-02 9.425513e-04
238            -7.865307e-05 -3.531539e+00 4.762886e-03 -7.392376e-05 -3.518348e+00 3.727588e-03 -4.729307e-06 -1.319099e-02 1.035297e-03
239            -1.101507e-04 -3.421391e+00 5.887347e-03 -1.049870e-04 -3.408363e+00 4.762521e-03 -5.163691e-06 -1.302738e-02 1.124826e-03
240            -1.390803e-04 -3.225232e+00 7.777239e-03 -1.334848e-04 -3.213055e+00 6.563873e-03 -5.595476e-06 -1.217780e-02 1.213366e-03
241            -1.583467e-04 -2.986250e+00 9.777788e-03 -1.524232e-04 -2.975427e+00 8.476223e-03 -5.923524e-06 -1.082332e-02 1.301565e-03
242            -1.617381e-04 -2.759884e+00 1.075703e-02 -1.557305e-04 -2.750577e+00 9.379589e-03 -6.007629e-06 -9.306137e-03 1.377441e-03
243            -1.481211e-04 -2.598262e+00 9.801602e-03 -1.423195e-04 -2.590240e+00 8.374563e-03 -5.801582e-06 -8.021782e-03 1.427038e-03
244            -1.233467e-04 -2.533753e+00 7.011146e-03 -1.179859e-04 -2.526490e+00 5.566335e-03 -5.360759e-06 -7.262909e-03 1.444811e-03
245            -9.625699e-05 -2.573533e+00 3.155163e-03 -9.147865e-05 -2.566359e+00 1.720139e-03 -4.778339e-06 -7.173967e-03 1.435024e-03
246            -7.343135e-05 -2.700506e+00 -1.036412e-03 -6.933256e-05 -2.692752e+00 -2.438580e-03 -4.098781e-06 -7.753740e-03 1.402168e-03
247            -5.758652e-05 -2.882851e+00 -5.152885e-03 -5.423259e-05 -2.873957e+00 -6.499805e-03 -3.353926e-06 -8.893860e-03 1.346920e-03
248            -4.830120e-05 -3.082508e+00 -9.216869e-03 -4.573767e-05 -3.072105e+00 -1.048489e-02 -2.563535e-06 -1.040275e-02 1.268023e-03
249            -4.369479e-05 -3.260957e+00 -1.338349e-02 -4.197227e-05 -3.248925e+00 -1.454396e-02 -1.722523e-06 -1.203247e-02 1.160470e-03
250            -4.238220e-05 -3.382660e+00 -1.751275e-02 -4.153939e-05 -3.369162e+00 -1.853907e-02 -8.428080e-07 -1.349837e-02 1.026319e-03
251            -4.374622e-05 -3.419014e+00 -2.117481e-02 -4.377775e-05 -3.404492e+00 -2.205329e-02 3.152542e-08 -1.452215e-02 8.784737e-04
252            -4.764789e-05 -3.354664e+00 -2.374971e-02 -4.848330e-05 -3.339771e+00 -2.448339e-02 8.354052e-07 -1.489234e-02 7.336829e-04
253            -5.265121e-05 -3.192644e+00 -2.499356e-02 -5.422317e-05 -3.178133e+00 -2.559349e-02 1.571962e-06 -1.451012e-02 5.999307e-04
254            -5.498412e-05 -2.960160e+00 -2.526222e-02 -5.728723e-05 -2.946722e+00 -2.573795e-02 2.303111e-06 -1.343807e-02 4.757333e-04
255            -5.095666e-05 -2.703617e+00 -2.519717e-02 -5.402978e-05 -2.691707e+00 -2.555394e-02 3.073115e-06 -1.190917e-02 3.567661e-04
256            -3.846039e-05 -2.476476e+00 -2.562252e-02 -4.235765e-05 -2.466191e+00 -2.585519e-02 3.897261e-06 -1.028566e-02 2.326702e-04
257            -1.874818e-05 -2.324799e+00 -2.689431e-02 -2.349995e-05 -2.315878e+00 -2.698186e-02 4.751766e-06 -8.921226e-03 8.755316e-05
258            4.775329e-06 -2.274890e+00 -2.884147e-02 -7.811824e-07 -2.266840e+00 -2.875998e-02 5.556512e-06 -8.049865e-03 -8.149451e-05
259            2.957784e-05 -2.329055e+00 -3.119155e-02 2.333486e-05 -2.321285e+00 -3.091863e-02 6.242988e-06 -7.770178e-03 -2.729216e-04
260            5.301789e-05 -2.471013e+00 -3.366306e-02 4.619251e-05 -2.462938e+00 -3.317240e-02 6.825381e-06 -8.075224e-03 -4.906600e-04
261            7.848770e-05 -2.663709e+00 -3.631145e-02 7.117495e-05 -2.654859e+00 -3.557742e-02 7.312754e-06 -8.850022e-03 -7.340213e-04
262            1.060560e-04 -2.875495e+00 -3.908160e-02 9.830989e-05 -2.865550e+00 -3.807537e-02 7.746098e-06 -9.944757e-03 -1.006237e-03
263            1.351084e-04 -3.070785e+00 -4.160120e-02 1.269951e-04 -3.059629e+00 -4.030975e-02 8.113307e-06 -1.115604e-02 -1.291451e-03
264            1.666418e-04 -3.221813e+00 -4.335173e-02 1.582687e-04 -3.209545e+00 -4.178972e-02 8.373083e-06 -1.226766e-02 -1.562007e-03
265            1.963438e-04 -3.296162e+00 -4.391381e-02 1.877877e-04 -3.283121e+00 -4.211230e-02 8.556049e-06 -1.304096e-02 -1.801513e-03
266            2.252052e-04 -3.277963e+00 -4.331569e-02 2.164752e-04 -3.264666e+00 -4.131433e-02 8.729997e-06 -1.329740e-02 -2.001361e-03
267            2.544745e-04 -3.165560e+00 -4.209042e-02 2.455836e-04 -3.152613e+00 -3.993272e-02 8.890898e-06 -1.294621e-02 -2.157702e-03
268            2.817716e-04 -2.976899e+00 -4.032299e-02 2.727577e-04 -2.964886e+00 -3.805119e-02 9.013868e-06 -1.201296e-02 -2.271803e-03
269            3.014432e-04 -2.750374e+00 -3.766615e-02 2.923640e-04 -2.739707e+00 -3.531285e-02 9.079254e-06 -1.066682e-02 -2.353303e-03
270            3.094090e-04 -2.538413e+00 -3.380920e-02 3.003727e-04 -2.529199e+00 -3.140030e-02 9.036267e-06 -9.214029e-03 -2.408899e-03
271            3.061455e-04 -2.387323e+00 -2.864853e-02 2.973447e-04 -2.379333e+00 -2.621998e-02 8.800771e-06 -7.990218e-03 -2.428558e-03
272            2.954090e-04 -2.327331e+00 -2.246440e-02 2.870047e-04 -2.320083e+00 -2.004772e-02 8.404316e-06 -7.248936e-03 -2.416676e-03
273            2.818045e-04 -2.366023e+00 -1.561186e-02 2.739217e-04 -2.358904e+00 -1.323806e-02 7.882749e-06 -7.119055e-03 -2.373801e-03
274            2.678931e-04 -2.489309e+00 -8.251326e-03 2.606241e-04 -2.481696e+00 -5.942669e-03 7.269075e-06 -7.612410e-03 -2.308657e-03
275            2.539192e-04 -2.667971e+00 -4.376071e-04 2.473409e-04 -2.659323e+00 1.784023e-03 6.578302e-06 -8.647836e-03 -2.221630e-03
276            2.373715e-04 -2.867591e+00 7.946174e-03 2.315562e-04 -2.857522e+00 1.005883e-02 5.815285e-06 -1.006879e-02 -2.112651e-03
277            2.152314e-04 -3.050366e+00 1.689979e-02 2.103081e-04 -3.038706e+00 1.887608e-02 4.923340e-06 -1.165991e-02 -1.976296e-03
278            1.861867e-04 -3.183226e+00 2.607760e-02 1.823565e-04 -3.170063e+00 2.788656e-02 3.830225e-06 -1.316311e-02 -1.808951e-03
279            1.499585e-04 -3.238019e+00 3.509246e-02 1.474360e-04 -3.223708e+00 3.670793e-02 2.522513e-06 -1.431082e-02 -1.615471e-03
280            1.081925e-04 -3.198131e+00 4.371868e-02 1.072076e-04 -3.183238e+00 4.511544e-02 9.849117e-07 -1.489306e-02 -1.396755e-03
281            6.322198e-05 -3.062439e+00 5.191979e-02 6.399360e-05 -3.047646e+00 5.307219e-02 -7.716200e-07 -1.479237e-02 -1.152396e-03
282            1.817616e-05 -2.850558e+00 5.985207e-02 2.086072e-05 -2.836534e+00 6.073653e-02 -2.684564e-06 -1.402342e-02 -8.844660e-04
283            -2.277079e-05 -2.602635e+00 6.763595e-02 -1.806755e-05 -2.589878e+00 6.821931e-02 -4.703234e-06 -1.275675e-02 -5.833565e-04
284            -5.321409e-05 -2.370435e+00 7.493606e-02 -4.658633e-05 -2.359130e+00 7.519906e-02 -6.627759e-06 -1.130500e-02 -2.630025e-04
285            -6.945308e-05 -2.201688e+00 8.121393e-02 -6.118712e-05 -2.191675e+00 8.115898e-02 -8.265956e-06 -1.001327e-02 5.495642e-05
286            -7.413318e-05 -2.126875e+00 8.644732e-02 -6.458648e-05 -2.117745e+00 8.608417e-02 -9.546694e-06 -9.129799e-03 3.631436e-04
287            -7.468700e-05 -2.154018e+00 9.093578e-02 -6.415022e-05 -2.145241e+00 9.027588e-02 -1.053678e-05 -8.776483e-03 6.598938e-04
288            -7.733046e-05 -2.271770e+00 9.472503e-02 -6.602119e-05 -2.262799e+00 9.378536e-02 -1.130927e-05 -8.971426e-03 9.396637e-04
289            -8.890200e-05 -2.446912e+00 9.779710e-02 -7.699783e-05 -2.437290e+00 9.660892e-02 -1.190416e-05 -9.621893e-03 1.188182e-03
290            -1.105776e-04 -2.648460e+00 9.976587e-02 -9.810535e-05 -2.637867e+00 9.835485e-02 -1.247223e-05 -1.059334e-02 1.411017e-03
291            -1.403382e-04 -2.841430e+00 1.000612e-01 -1.272482e-04 -2.829729e+00 9.845631e-02 -1.309000e-05 -1.170033e-02 1.604858e-03
292            -1.772034e-04 -2.999655e+00 9.859920e-02 -1.634516e-04 -2.986911e+00 9.684050e-02 -1.375177e-05 -1.274464e-02 1.758699e-03
293            -2.148460e-04 -3.091072e+00 9.591275e-02 -2.003389e-04 -3.077571e+00 9.402130e-02 -1.450702e-05 -1.350103e-02 1.891450e-03
294            -2.507450e-04 -3.100083e+00 9.299553e-02 -2.353774e-04 -3.086281e+00 9.097365e-02 -1.536760e-05 -1.380289e-02 2.021879e-03
295            -2.820146e-04 -3.024144e+00 9.074903e-02 -2.656700e-04 -3.010588e+00 8.857256e-02 -1.634466e-05 -1.355633e-02 2.176474e-03
296            -3.028124e-04 -2.876735e+00 8.917389e-02 -2.854174e-04 -2.863969e+00 8.679782e-02 -1.739504e-05 -1.276589e-02 2.376070e-03
297            -3.060233e-04 -2.689985e+00 8.745401e-02 -2.877432e-04 -2.678440e+00 8.484338e-02 -1.828010e-05 -1.154487e-02 2.610627e-03
298            -2.856134e-04 -2.508600e+00 8.423567e-02 -2.667277e-04 -2.498479e+00 8.135792e-02 -1.888570e-05 -1.012110e-02 2.877758e-03
299            -2.460081e-04 -2.378726e+00 7.882973e-02 -2.269054e-04 -2.369945e+00 7.567404e-02 -1.910265e-05 -8.780362e-03 3.155692e-03
300            -1.983752e-04 -2.334145e+00 7.125281e-02 -1.794854e-04 -2.326367e+00 6.783895e-02 -1.888979e-05 -7.778333e-03 3.413853e-03
301            -1.572441e-04 -2.389131e+00 6.223239e-02 -1.389185e-04 -2.381832e+00 5.860242e-02 -1.832561e-05 -7.299124e-03 3.629971e-03
302            -1.320100e-04 -2.535016e+00 5.231741e-02 -1.145039e-04 -2.527591e+00 4.853044e-02 -1.750615e-05 -7.424954e-03 3.786977e-03
303            -1.257816e-04 -2.745384e+00 4.193421e-02 -1.092411e-04 -2.737247e+00 3.805887e-02 -1.654051e-05 -8.136810e-03 3.875339e-03
304            -1.356929e-04 -2.984107e+00 3.127086e-02 -1.202094e-04 -2.974783e+00 2.738227e-02 -1.548356e-05 -9.323917e-03 3.888592e-03
305            -1.553385e-04 -3.212455e+00 2.020984e-02 -1.409568e-04 -3.201666e+00 1.638429e-02 -1.438178e-05 -1.078926e-02 3.825552e-03
306            -1.779530e-04 -3.393250e+00 8.845043e-03 -1.646663e-04 -3.380981e+00 5.146988e-03 -1.328668e-05 -1.226913e-02 3.698056e-03
307            -1.983206e-04 -3.495933e+00 -2.186241e-03 -1.860921e-04 -3.482441e+00 -5.713731e-03 -1.222849e-05 -1.349211e-02 3.527490e-03
308            -2.137625e-04 -3.501959e+00 -1.172063e-02 -2.025306e-04 -3.487728e+00 -1.505863e-02 -1.123191e-05 -1.423126e-02 3.338006e-03
309            -2.237770e-04 -3.409117e+00 -1.843081e-02 -2.134714e-04 -3.394772e+00 -2.159158e-02 -1.030563e-05 -1.434464e-02 3.160771e-03
310            -2.239332e-04 -3.234627e+00 -2.222338e-02 -2.145745e-04 -3.220809e+00 -2.523551e-02 -9.358756e-06 -1.381800e-02 3.012136e-03
311            -2.054733e-04 -3.017426e+00 -2.474116e-02 -1.972150e-04 -3.004640e+00 -2.763154e-02 -8.258374e-06 -1.278565e-02 2.890372e-03
312            -1.622959e-04 -2.808068e+00 -2.830609e-02 -1.553563e-04 -2.796549e+00 -3.108530e-02 -6.939600e-06 -1.151907e-02 2.779203e-03
313            -9.724096e-05 -2.654108e+00 -3.445731e-02 -9.184998e-05 -2.643744e+00 -3.710480e-02 -5.390977e-06 -1.036403e-02 2.647493e-03
314            -2.191286e-05 -2.587064e+00 -4.309012e-02 -1.822257e-05 -2.577458e+00 -4.556230e-02 -3.690296e-06 -9.606454e-03 2.472184e-03
315            4.967687e-05 -2.615017e+00 -5.305651e-02 5.168537e-05 -2.605602e+00 -5.532149e-02 -2.008502e-06 -9.415137e-03 2.264981e-03
316            1.083857e-04 -2.723299e+00 -6.305555e-02 1.087704e-04 -2.713480e+00 -6.508328e-02 -3.846493e-07 -9.818817e-03 2.027726e-03
317            1.512383e-04 -2.883066e+00 -7.218165e-02 1.501140e-04 -2.872349e+00 -7.394475e-02 1.124371e-06 -1.071680e-02 1.763093e-03
318            1.787212e-04 -3.060231e+00 -8.005412e-02 1.762118e-04 -3.048299e+00 -8.152215e-02 2.509322e-06 -1.193216e-02 1.468036e-03
319            1.926909e-04 -3.216943e+00 -8.656384e-02 1.888367e-04 -3.203721e+00 -8.769098e-02 3.854228e-06 -1.322222e-02 1.127142e-03
320            1.940657e-04 -3.320529e+00 -9.161593e-02 1.889418e-04 -3.306211e+00 -9.236055e-02 5.123935e-06 -1.431747e-02 7.446200e-04
321            1.819642e-04 -3.343466e+00 -9.472589e-02 1.755824e-04 -3.328493e+00 -9.505413e-02 6.381853e-06 -1.497279e-02 3.282395e-04
322            1.548304e-04 -3.271275e+00 -9.519866e-02 1.470072e-04 -3.256246e+00 -9.506969e-02 7.823174e-06 -1.502811e-02 -1.289712e-04
323            1.151717e-04 -3.107193e+00 -9.265679e-02 1.058215e-04 -3.092839e+00 -9.204038e-02 9.350170e-06 -1.435440e-02 -6.164064e-04
324            7.139287e-05 -2.877266e+00 -8.764391e-02 6.067932e-05 -2.864301e+00 -8.655255e-02 1.071355e-05 -1.296511e-02 -1.091360e-03
325            3.318261e-05 -2.625561e+00 -8.088734e-02 2.149041e-05 -2.614507e+00 -7.938145e-02 1.169220e-05 -1.105441e-02 -1.505893e-03
326            1.278986e-05 -2.404958e+00 -7.410861e-02 7.610264e-07 -2.395998e+00 -7.229747e-02 1.202883e-05 -8.959770e-03 -1.811138e-03
327            1.930453e-05 -2.262889e+00 -6.892063e-02 7.430343e-06 -2.255831e+00 -6.688487e-02 1.187419e-05 -7.058485e-03 -2.035759e-03
328            5.492780e-05 -2.228940e+00 -6.586063e-02 4.352920e-05 -2.223292e+00 -6.365444e-02 1.139860e-05 -5.647707e-03 -2.206191e-03
329            1.123772e-04 -2.310642e+00 -6.481025e-02 1.015172e-04 -2.305711e+00 -6.247052e-02 1.086003e-05 -4.930903e-03 -2.339727e-03
330            1.859330e-04 -2.482488e+00 -6.475841e-02 1.754186e-04 -2.477509e+00 -6.231944e-02 1.051438e-05 -4.978728e-03 -2.438978e-03
331            2.604505e-04 -2.713514e+00 -6.453704e-02 2.500711e-04 -2.707783e+00 -6.204040e-02 1.037937e-05 -5.731023e-03 -2.496633e-03
332            3.212155e-04 -2.966895e+00 -6.284188e-02 3.109131e-04 -2.959906e+00 -6.033102e-02 1.030241e-05 -6.988376e-03 -2.510859e-03
333            3.580513e-04 -3.203575e+00 -5.870513e-02 3.478401e-04 -3.195081e+00 -5.622184e-02 1.021124e-05 -8.494433e-03 -2.483286e-03
334            3.671141e-04 -3.389551e+00 -5.180012e-02 3.570445e-04 -3.379582e+00 -4.937926e-02 1.006951e-05 -9.968407e-03 -2.420867e-03
335            3.489922e-04 -3.497865e+00 -4.228796e-02 3.391813e-04 -3.486737e+00 -3.996162e-02 9.810923e-06 -1.112723e-02 -2.326340e-03
336            3.065286e-04 -3.503121e+00 -3.126327e-02 2.971453e-04 -3.491391e+00 -2.905552e-02 9.383351e-06 -1.173025e-02 -2.207754e-03
337            2.454214e-04 -3.403953e+00 -1.935616e-02 2.367130e-04 -3.392306e+00 -1.728378e-02 8.708353e-06 -1.164618e-02 -2.072380e-03
338            1.718959e-04 -3.220122e+00 -6.784742e-03 1.641451e-04 -3.209233e+00 -4.868229e-03 7.750767e-06 -1.088956e-02 -1.916513e-03
339            9.306565e-05 -2.993242e+00 6.428731e-03 8.654286e-05 -2.983601e+00 8.161446e-03 6.522790e-06 -9.641385e-03 -1.732715e-03
340            2.182547e-05 -2.779478e+00 1.927359e-02 1.664235e-05 -2.771239e+00 2.079660e-02 5.183116e-06 -8.239352e-03 -1.523006e-03
341            -2.706080e-05 -2.627954e+00 2.981984e-02 -3.105451e-05 -2.620883e+00 3.113269e-02 3.993714e-06 -7.070696e-03 -1.312848e-03
342            -4.793658e-05 -2.568563e+00 3.698074e-02 -5.107951e-05 -2.562152e+00 3.811404e-02 3.142933e-06 -6.410935e-03 -1.133295e-03
343            -4.598893e-05 -2.606686e+00 4.095977e-02 -4.864727e-05 -2.600296e+00 4.195774e-02 2.658335e-06 -6.389624e-03 -9.979752e-04
344            -3.081524e-05 -2.726722e+00 4.238782e-02 -3.324094e-05 -2.719717e+00 4.328988e-02 2.425703e-06 -7.004415e-03 -9.020557e-04
345            -1.258336e-05 -2.899296e+00 4.209054e-02 -1.491431e-05 -2.891148e+00 4.292873e-02 2.330946e-06 -8.148136e-03 -8.381935e-04
346            2.044877e-06 -3.090229e+00 4.047563e-02 -1.995249e-07 -3.080585e+00 4.127255e-02 2.244402e-06 -9.644053e-03 -7.969214e-04
347            1.051583e-05 -3.262124e+00 3.777640e-02 8.460445e-06 -3.250856e+00 3.854503e-02 2.055386e-06 -1.126792e-02 -7.686269e-04
348            1.214581e-05 -3.383333e+00 3.438436e-02 1.044301e-05 -3.370564e+00 3.512949e-02 1.702803e-06 -1.276930e-02 -7.451341e-04
349            7.571408e-06 -3.425849e+00 3.078258e-02 6.401508e-06 -3.411968e+00 3.150183e-02 1.169900e-06 -1.388014e-02 -7.192534e-04
350            -2.257801e-06 -3.373921e+00 2.762974e-02 -2.748621e-06 -3.359542e+00 2.831574e-02 4.908207e-07 -1.437950e-02 -6.859974e-04
351            -1.674633e-05 -3.228067e+00 2.569298e-02 -1.639289e-05 -3.213926e+00 2.632475e-02 -3.534314e-07 -1.414106e-02 -6.317737e-04
352            -3.356784e-05 -3.013674e+00 2.526445e-02 -3.221022e-05 -3.000472e+00 2.580884e-02 -1.357625e-06 -1.320225e-02 -5.443859e-04
353            -4.633028e-05 -2.772020e+00 2.596768e-02 -4.399718e-05 -2.760263e+00 2.640031e-02 -2.333102e-06 -1.175685e-02 -4.326259e-04
354            -4.826901e-05 -2.555836e+00 2.694523e-02 -4.512914e-05 -2.545686e+00 2.724632e-02 -3.139870e-06 -1.015092e-02 -3.010982e-04
355            -3.726168e-05 -2.410202e+00 2.745974e-02 -3.361449e-05 -2.401459e+00 2.762924e-02 -3.647182e-06 -8.742748e-03 -1.695019e-04
356            -1.693270e-05 -2.366780e+00 2.743981e-02 -1.303954e-05 -2.358990e+00 2.748678e-02 -3.893163e-06 -7.790718e-03 -4.697292e-05
357            4.318987e-06 -2.423874e+00 2.710364e-02 8.281304e-06 -2.416467e+00 2.703981e-02 -3.962316e-06 -7.407018e-03 6.382955e-05
358            2.024694e-05 -2.565497e+00 2.667855e-02 2.420251e-05 -2.557896e+00 2.651323e-02 -3.955577e-06 -7.600336e-03 1.653162e-04
359            2.781840e-05 -2.763530e+00 2.617371e-02 3.176407e-05 -2.755221e+00 2.591527e-02 -3.945670e-06 -8.308628e-03 2.584403e-04
360            2.663978e-05 -2.981967e+00 2.538518e-02 3.066327e-05 -2.972573e+00 2.503930e-02 -4.023491e-06 -9.394136e-03 3.458802e-04
361            1.829722e-05 -3.185495e+00 2.396933e-02 2.256856e-05 -3.174838e+00 2.353559e-02 -4.271344e-06 -1.065688e-02 4.337357e-04
362            4.828381e-06 -3.339796e+00 2.186280e-02 9.555209e-06 -3.327956e+00 2.133572e-02 -4.726827e-06 -1.184055e-02 5.270784e-04
363            -1.333018e-05 -3.424264e+00 1.946046e-02 -7.908073e-06 -3.411561e+00 1.881983e-02 -5.422107e-06 -1.270327e-02 6.406287e-04
364            -3.328593e-05 -3.414182e+00 1.747247e-02 -2.703909e-05 -3.401176e+00 1.669479e-02 -6.246840e-06 -1.300550e-02 7.776847e-04
365            -5.524871e-05 -3.309330e+00 1.671604e-02 -4.814910e-05 -3.296708e+00 1.577945e-02 -7.099616e-06 -1.262244e-02 9.365838e-04
366            -7.531006e-05 -3.128876e+00 1.706045e-02 -6.749485e-05 -3.117312e+00 1.595625e-02 -7.815211e-06 -1.156397e-02 1.104202e-03
367            -8.781441e-05 -2.913769e+00 1.781398e-02 -7.954311e-05 -2.903760e+00 1.654897e-02 -8.271302e-06 -1.000856e-02 1.265006e-03
368            -8.833606e-05 -2.719690e+00 1.802914e-02 -7.991921e-05 -2.711389e+00 1.662003e-02 -8.416851e-06 -8.301441e-03 1.409111e-03
369            -7.717987e-05 -2.596353e+00 1.697162e-02 -6.893337e-05 -2.589517e+00 1.545274e-02 -8.246503e-06 -6.835494e-03 1.518880e-03
370            -5.954764e-05 -2.574655e+00 1.461704e-02 -5.166403e-05 -2.568742e+00 1.302529e-02 -7.883610e-06 -5.913500e-03 1.591746e-03
371            -4.261491e-05 -2.659238e+00 1.148026e-02 -3.516300e-05 -2.653544e+00 9.850736e-03 -7.451907e-06 -5.693793e-03 1.629523e-03
372            -3.119326e-05 -2.829549e+00 8.039906e-03 -2.413503e-05 -2.823363e+00 6.398874e-03 -7.058226e-06 -6.185407e-03 1.641032e-03
373            -2.709896e-05 -3.049743e+00 4.548027e-03 -2.035232e-05 -3.042464e+00 2.919974e-03 -6.746639e-06 -7.278776e-03 1.628053e-03
374            -2.913177e-05 -3.278374e+00 8.872117e-04 -2.258370e-05 -3.269612e+00 -7.080951e-04 -6.548069e-06 -8.762520e-03 1.595307e-03
375            -3.514879e-05 -3.474639e+00 -3.204073e-03 -2.870624e-05 -3.464282e+00 -4.744006e-03 -6.442554e-06 -1.035751e-02 1.539933e-03
376            -4.376439e-05 -3.600989e+00 -7.451455e-03 -3.736921e-05 -3.589244e+00 -8.913766e-03 -6.395187e-06 -1.174523e-02 1.462311e-03
377            -5.435263e-05 -3.630096e+00 -1.114652e-02 -4.795712e-05 -3.617453e+00 -1.252246e-02 -6.395511e-06 -1.264262e-02 1.375937e-03
378            -6.758725e-05 -3.550372e+00 -1.322129e-02 -6.113784e-05 -3.537527e+00 -1.452036e-02 -6.449414e-06 -1.284528e-02 1.299074e-03
379            -8.108194e-05 -3.370384e+00 -1.329169e-02 -7.455814e-05 -3.358112e+00 -1.453792e-02 -6.523799e-06 -1.227182e-02 1.246237e-03
380            -8.884225e-05 -3.125879e+00 -1.197929e-02 -8.230556e-05 -3.114845e+00 -1.320194e-02 -6.536690e-06 -1.103344e-02 1.222650e-03
381            -8.491173e-05 -2.870192e+00 -1.054958e-02 -7.853169e-05 -2.860764e+00 -1.176647e-02 -6.380046e-06 -9.427904e-03 1.216898e-03
382            -6.675041e-05 -2.661457e+00 -1.039545e-02 -6.076696e-05 -2.653574e+00 -1.160078e-02 -5.983458e-06 -7.882821e-03 1.205333e-03
383            -3.922116e-05 -2.543042e+00 -1.178170e-02 -3.384021e-05 -2.536276e+00 -1.294984e-02 -5.380942e-06 -6.766002e-03 1.168137e-03
384            -1.028246e-05 -2.534384e+00 -1.413439e-02 -5.630671e-06 -2.528100e+00 -1.523772e-02 -4.651788e-06 -6.283779e-03 1.103335e-03
385            1.399575e-05 -2.627157e+00 -1.669984e-02 1.787213e-05 -2.620677e+00 -1.771830e-02 -3.876387e-06 -6.480864e-03 1.018458e-03
386            3.102203e-05 -2.792925e+00 -1.888425e-02 3.414508e-05 -2.785642e+00 -1.980534e-02 -3.123052e-06 -7.282873e-03 9.210867e-04
387            4.065822e-05 -2.996208e+00 -2.053916e-02 4.308929e-05 -2.987675e+00 -2.135225e-02 -2.431077e-06 -8.532099e-03 8.130957e-04
388            4.783749e-05 -3.197711e+00 -2.198203e-02 4.963480e-05 -3.187691e+00 -2.267365e-02 -1.797310e-06 -1.001935e-02 6.916203e-04
389            5.266816e-05 -3.359967e+00 -2.331869e-02 5.389319e-05 -3.348478e+00 -2.387202e-02 -1.225030e-06 -1.148850e-02 5.533268e-04
390            5.656771e-05 -3.452119e+00 -2.444896e-02 5.729933e-05 -3.439464e+00 -2.485180e-02 -7.316169e-07 -1.265524e-02 4.028409e-04
391            6.064977e-05 -3.450862e+00 -2.513329e-02 6.092970e-05 -3.437594e+00 -2.537683e-02 -2.799333e-07 -1.326797e-02 2.435416e-04
392            6.527954e-05 -3.349344e+00 -2.492380e-02 6.507622e-05 -3.336169e+00 -2.499665e-02 2.033264e-07 -1.317490e-02 7.285166e-05
393            7.238459e-05 -3.161010e+00 -2.380087e-02 7.161505e-05 -3.148657e+00 -2.369390e-02 7.695439e-07 -1.235378e-02 -1.069651e-04
394            8.434792e-05 -2.922984e+00 -2.196105e-02 8.281352e-05 -2.912034e+00 -2.165313e-02 1.534392e-06 -1.094942e-02 -3.079198e-04
395            1.029349e-04 -2.688226e+00 -1.992013e-02 1.004660e-04 -2.678952e+00 -1.939542e-02 2.468817e-06 -9.274358e-03 -5.247106e-04
396            1.279355e-04 -2.510199e+00 -1.822754e-02 1.244367e-04 -2.502473e+00 -1.747033e-02 3.498766e-06 -7.726625e-03 -7.572082e-04
397            1.565075e-04 -2.427133e+00 -1.696298e-02 1.519628e-04 -2.420499e+00 -1.596127e-02 4.544681e-06 -6.633805e-03 -1.001710e-03
398            1.850016e-04 -2.452971e+00 -1.588063e-02 1.795156e-04 -2.446798e+00 -1.463839e-02 5.485945e-06 -6.173823e-03 -1.242243e-03
399            2.101085e-04 -2.577924e+00 -1.466159e-02 2.038859e-04 -2.571533e+00 -1.320049e-02 6.222560e-06 -6.391162e-03 -1.461100e-03
400            2.281440e-04 -2.774661e+00 -1.315581e-02 2.214400e-04 -2.767437e+00 -1.150430e-02 6.704007e-06 -7.223456e-03 -1.651506e-03
401            2.404719e-04 -3.004773e+00 -1.120321e-02 2.334751e-04 -2.996249e+00 -9.384846e-03 6.996767e-06 -8.523692e-03 -1.818361e-03
402            2.445517e-04 -3.230573e+00 -8.715678e-03 2.374592e-04 -3.220469e+00 -6.753224e-03 7.092501e-06 -1.010434e-02 -1.962453e-03
403            2.409329e-04 -3.419868e+00 -5.510658e-03 2.339290e-04 -3.408138e+00 -3.431693e-03 7.003959e-06 -1.172957e-02 -2.078965e-03
404            2.274750e-04 -3.533257e+00 -1.589141e-03 2.207247e-04 -3.520154e+00 5.825425e-04 6.750295e-06 -1.310335e-02 -2.171684e-03
405            2.070911e-04 -3.545850e+00 2.954341e-03 2.007259e-04 -3.531892e+00 5.192987e-03 6.365134e-06 -1.395781e-02 -2.238646e-03
406            1.836123e-04 -3.448271e+00 7.755930e-03 1.777711e-04 -3.434159e+00 1.003617e-02 5.841239e-06 -1.411295e-02 -2.280240e-03
407            1.596837e-04 -3.251333e+00 1.272471e-02 1.545460e-04 -3.237819e+00 1.501304e-02 5.137705e-06 -1.351368e-02 -2.288333e-03
408            1.372359e-04 -2.993564e+00 1.792963e-02 1.329816e-04 -2.981288e+00 2.018092e-02 4.254263e-06 -1.227647e-02 -2.251283e-03
409            1.182032e-04 -2.730476e+00 2.321758e-02 1.149941e-04 -2.719785e+00 2.537382e-02 3.209143e-06 -1.069087e-02 -2.156241e-03
410            1.058590e-04 -2.519333e+00 2.816913e-02 1.037981e-04 -2.510169e+00 3.016767e-02 2.060939e-06 -9.163637e-03 -1.998541e-03
411            1.005175e-04 -2.400963e+00 3.257164e-02 9.960610e-05 -2.392926e+00 3.435672e-02 9.114021e-07 -8.036754e-03 -1.785079e-03
412            9.809821e-05 -2.391478e+00 3.663320e-02 9.826517e-05 -2.383975e+00 3.815808e-02 -1.669638e-07 -7.502618e-03 -1.524872e-03
413            9.301923e-05 -2.481806e+00 4.064563e-02 9.426030e-05 -2.474202e+00 4.185994e-02 -1.241066e-06 -7.604266e-03 -1.214313e-03
414            8.052011e-05 -2.643251e+00 4.482143e-02 8.280911e-05 -2.634971e+00 4.569035e-02 -2.289000e-06 -8.279614e-03 -8.689210e-04
415            5.763015e-05 -2.840162e+00 4.907376e-02 6.098351e-05 -2.830760e+00 4.957397e-02 -3.353359e-06 -9.402128e-03 -5.002103e-04
416            2.336442e-05 -3.033482e+00 5.305266e-02 2.781350e-05 -3.022705e+00 5.317678e-02 -4.449080e-06 -1.077727e-02 -1.241222e-04
417            -2.103104e-05 -3.186205e+00 5.628359e-02 -1.543291e-05 -3.174059e+00 5.603619e-02 -5.598131e-06 -1.214608e-02 2.473960e-04
418            -7.304970e-05 -3.269248e+00 5.850053e-02 -6.628355e-05 -3.256013e+00 5.790602e-02 -6.766158e-06 -1.323478e-02 5.945093e-04
419            -1.294134e-04 -3.261961e+00 5.984920e-02 -1.214597e-04 -3.248165e+00 5.893496e-02 -7.953635e-06 -1.379666e-02 9.142372e-04
420            -1.889928e-04 -3.158320e+00 6.113822e-02 -1.798027e-04 -3.144656e+00 5.991844e-02 -9.190115e-06 -1.366398e-02 1.219779e-03
421            -2.460863e-04 -2.972485e+00 6.263999e-02 -2.355984e-04 -2.959691e+00 6.111020e-02 -1.048794e-05 -1.279472e-02 1.529791e-03
422            -2.910141e-04 -2.742222e+00 6.401248e-02 -2.792660e-04 -2.730908e+00 6.215891e-02 -1.174813e-05 -1.131445e-02 1.853570e-03
423            -3.127250e-04 -2.519816e+00 6.426855e-02 -2.999377e-04 -2.510292e+00 6.208262e-02 -1.278730e-05 -9.524153e-03 2.185924e-03
424            -3.050702e-04 -2.358781e+00 6.228339e-02 -2.917071e-04 -2.350965e+00 5.979463e-02 -1.336303e-05 -7.816313e-03 2.488757e-03
425            -2.730372e-04 -2.297496e+00 5.792503e-02 -2.595820e-04 -2.290968e+00 5.519168e-02 -1.345517e-05 -6.527646e-03 2.733351e-03
426            -2.302668e-04 -2.350173e+00 5.184850e-02 -2.170970e-04 -2.344312e+00 4.894501e-02 -1.316976e-05 -5.860586e-03 2.903490e-03
427            -1.894303e-04 -2.505187e+00 4.447078e-02 -1.767593e-04 -2.499308e+00 4.147496e-02 -1.267098e-05 -5.878595e-03 2.995821e-03
428            -1.584205e-04 -2.731379e+00 3.614517e-02 -1.463337e-04 -2.724850e+00 3.313731e-02 -1.208680e-05 -6.528137e-03 3.007860e-03
429            -1.387029e-04 -2.986339e+00 2.667009e-02 -1.271881e-04 -2.978673e+00 2.373027e-02 -1.151484e-05 -7.666214e-03 2.939825e-03
430            -1.274787e-04 -3.232643e+00 1.626533e-02 -1.164857e-04 -3.223554e+00 1.346609e-02 -1.099296e-05 -9.088663e-03 2.799240e-03
431            -1.216179e-04 -3.437625e+00 5.594524e-03 -1.110796e-04 -3.427072e+00 2.991090e-03 -1.053830e-05 -1.055275e-02 2.603435e-03
432            -1.188343e-04 -3.563612e+00 -3.975433e-03 -1.087052e-04 -3.551839e+00 -6.353114e-03 -1.012910e-05 -1.177291e-02 2.377681e-03
433            -1.171119e-04 -3.589218e+00 -1.128925e-02 -1.073649e-04 -3.576699e+00 -1.343760e-02 -9.746953e-06 -1.251927e-02 2.148345e-03
434            -1.151708e-04 -3.507612e+00 -1.568305e-02 -1.058337e-04 -3.494979e+00 -1.761883e-02 -9.337104e-06 -1.263321e-02 1.935778e-03
435            -1.101663e-04 -3.330205e+00 -1.737782e-02 -1.013046e-04 -3.318144e+00 -1.913282e-02 -8.861632e-06 -1.206115e-02 1.755003e-03
436            -9.718835e-05 -3.093327e+00 -1.777262e-02 -8.891987e-05 -3.082413e+00 -1.937869e-02 -8.268478e-06 -1.091327e-02 1.606074e-03
437            -7.411036e-05 -2.850109e+00 -1.836733e-02 -6.655286e-05 -2.840650e+00 -1.985318e-02 -7.557500e-06 -9.459115e-03 1.485856e-03
438            -4.395778e-05 -2.656230e+00 -2.015531e-02 -3.718358e-05 -2.648144e+00 -2.153970e-02 -6.774196e-06 -8.085833e-03 1.384397e-03
439            -1.386720e-05 -2.552257e+00 -2.320792e-02 -7.863155e-06 -2.545127e+00 -2.450606e-02 -6.004044e-06 -7.130179e-03 1.298144e-03
440            9.173709e-06 -2.554690e+00 -2.690035e-02 1.450200e-05 -2.547897e+00 -2.813105e-02 -5.328291e-06 -6.793330e-03 1.230706e-03
441            2.176619e-05 -2.653582e+00 -3.053579e-02 2.655184e-05 -2.646457e+00 -3.172337e-02 -4.785650e-06 -7.124156e-03 1.187579e-03
442            2.481516e-05 -2.821234e+00 -3.361421e-02 2.917140e-05 -2.813176e+00 -3.478086e-02 -4.356246e-06 -8.058005e-03 1.166642e-03
443            2.203374e-05 -3.021295e+00 -3.607911e-02 2.602094e-05 -3.011845e+00 -3.724269e-02 -3.987202e-06 -9.450488e-03 1.163574e-03
444            1.681736e-05 -3.215705e+00 -3.809252e-02 2.046043e-05 -3.204618e+00 -3.926719e-02 -3.643070e-06 -1.108691e-02 1.174665e-03
445            1.140895e-05 -3.366759e+00 -3.980178e-02 1.470605e-05 -3.354051e+00 -4.099694e-02 -3.297095e-06 -1.270756e-02 1.195161e-03
446            6.404613e-06 -3.444610e+00 -4.117433e-02 9.278794e-06 -3.430578e+00 -4.238692e-02 -2.874181e-06 -1.403198e-02 1.212595e-03
447            1.498625e-06 -3.426830e+00 -4.203732e-02 3.832431e-06 -3.412019e+00 -4.325424e-02 -2.333807e-06 -1.481047e-02 1.216918e-03
448            -4.626123e-06 -3.308610e+00 -4.191620e-02 -2.988055e-06 -3.293724e+00 -4.311587e-02 -1.638067e-06 -1.488610e-02 1.199669e-03
449            -1.090820e-05 -3.105754e+00 -4.092137e-02 -1.014164e-05 -3.091522e+00 -4.207506e-02 -7.665597e-07 -1.423283e-02 1.153684e-03
450            -1.550115e-05 -2.856340e+00 -3.948610e-02 -1.576910e-05 -2.843340e+00 -4.056303e-02 2.679500e-07 -1.300011e-02 1.076930e-03
451            -1.603063e-05 -2.611041e+00 -3.826224e-02 -1.752711e-05 -2.599551e+00 -3.921673e-02 1.496480e-06 -1.149069e-02 9.544824e-04
452            -1.157891e-05 -2.419113e+00 -3.789561e-02 -1.437999e-05 -2.409048e+00 -3.867657e-02 2.801082e-06 -1.006502e-02 7.809525e-04
453            -2.320376e-06 -2.316541e+00 -3.857363e-02 -6.418894e-06 -2.307529e+00 -3.912314e-02 4.098518e-06 -9.012313e-03 5.495112e-04
454            9.393317e-06 -2.319989e+00 -4.005074e-02 4.047957e-06 -2.311487e+00 -4.031255e-02 5.345359e-06 -8.502105e-03 2.618115e-04
455            2.656777e-05 -2.412171e+00 -4.203424e-02 1.998178e-05 -2.403612e+00 -4.194771e-02 6.585990e-06 -8.559071e-03 -8.652695e-05
456            4.878608e-05 -2.569254e+00 -4.422999e-02 4.105322e-05 -2.560126e+00 -4.374433e-02 7.732860e-06 -9.128235e-03 -4.856669e-04
457            7.658008e-05 -2.760900e+00 -4.638843e-02 6.773790e-05 -2.750814e+00 -4.545242e-02 8.842177e-06 -1.008628e-02 -9.360145e-04
458            1.098692e-04 -2.952495e+00 -4.820367e-02 9.993823e-05 -2.941228e+00 -4.677949e-02 9.931019e-06 -1.126664e-02 -1.424181e-03
459            1.477451e-04 -3.111157e+00 -4.920987e-02 1.368331e-04 -3.098713e+00 -4.729190e-02 1.091204e-05 -1.244476e-02 -1.917973e-03
460            1.889969e-04 -3.208151e+00 -4.895905e-02 1.773305e-04 -3.194762e+00 -4.658071e-02 1.166638e-05 -1.338855e-02 -2.378338e-03
461            2.330384e-04 -3.223318e+00 -4.738663e-02 2.208826e-04 -3.209420e+00 -4.460795e-02 1.215584e-05 -1.389837e-02 -2.778680e-03
462            2.826689e-04 -3.150917e+00 -4.489213e-02 2.703823e-04 -3.137066e+00 -4.179582e-02 1.228657e-05 -1.385118e-02 -3.096313e-03
463            3.331558e-04 -2.992782e+00 -4.210700e-02 3.211236e-04 -2.979576e+00 -3.877622e-02 1.203219e-05 -1.320653e-02 -3.330786e-03
464            3.778712e-04 -2.780324e+00 -3.868009e-02 3.664617e-04 -2.768241e+00 -3.519256e-02 1.140946e-05 -1.208354e-02 -3.487532e-03
465            4.084949e-04 -2.561196e+00 -3.410121e-02 3.980568e-04 -2.550471e+00 -3.052380e-02 1.043813e-05 -1.072516e-02 -3.577409e-03
466            4.181305e-04 -2.387992e+00 -2.771068e-02 4.090225e-04 -2.378525e+00 -2.410726e-02 9.108072e-06 -9.466461e-03 -3.603420e-03
467            4.078649e-04 -2.298818e+00 -1.948126e-02 4.004236e-04 -2.290211e+00 -1.592451e-02 7.441314e-06 -8.607454e-03 -3.556747e-03
468            3.833605e-04 -2.311967e+00 -9.735118e-03 3.777765e-04 -2.303643e+00 -6.299383e-03 5.583936e-06 -8.324524e-03 -3.435735e-03
469            3.494646e-04 -2.421165e+00 1.606495e-03 3.457850e-04 -2.412504e+00 4.853986e-03 3.679579e-06 -8.661116e-03 -3.247491e-03
470            3.104365e-04 -2.601142e+00 1.437650e-02 3.086151e-04 -2.591594e+00 1.736842e-02 1.821466e-06 -9.548689e-03 -2.991926e-03
471            2.657016e-04 -2.814127e+00 2.904436e-02 2.656776e-04 -2.803292e+00 3.170735e-02 2.405518e-08 -1.083515e-02 -2.662997e-03
472            2.129117e-04 -3.022986e+00 4.536168e-02 2.147025e-04 -3.010664e+00 4.761171e-02 -1.790774e-06 -1.232253e-02 -2.250032e-03
473            1.511637e-04 -3.196255e+00 6.232135e-02 1.547550e-04 -3.182480e+00 6.409592e-02 -3.591270e-06 -1.377536e-02 -1.774570e-03
474            8.481322e-05 -3.296805e+00 7.796575e-02 9.018115e-05 -3.281887e+00 7.923561e-02 -5.367936e-06 -1.491872e-02 -1.269867e-03
475            1.642196e-05 -3.302128e+00 9.125122e-02 2.356722e-05 -3.286595e+00 9.201739e-02 -7.145266e-06 -1.553265e-02 -7.661732e-04
476            -5.229110e-05 -3.204202e+00 1.022209e-01 -4.327970e-05 -3.188733e+00 1.024888e-01 -9.011404e-06 -1.546906e-02 -2.678805e-04
477            -1.168734e-04 -3.012519e+00 1.112016e-01 -1.059233e-04 -2.997845e+00 1.109708e-01 -1.095017e-05 -1.467314e-02 2.308544e-04
478            -1.696162e-04 -2.761690e+00 1.182742e-01 -1.567677e-04 -2.748449e+00 1.175376e-01 -1.284848e-05 -1.324094e-02 7.366319e-04
479            -2.019127e-04 -2.504985e+00 1.230214e-01 -1.874359e-04 -2.493551e+00 1.217744e-01 -1.447680e-05 -1.143415e-02 1.247021e-03
480            -2.089624e-04 -2.299684e+00 1.245821e-01 -1.933753e-04 -2.290048e+00 1.228406e-01 -1.558714e-05 -9.636148e-03 1.741507e-03
481            -1.969486e-04 -2.189025e+00 1.230150e-01 -1.808310e-04 -2.180832e+00 1.208129e-01 -1.611754e-05 -8.192897e-03 2.202038e-03
482            -1.806678e-04 -2.192787e+00 1.192780e-01 -1.646173e-04 -2.185470e+00 1.166624e-01 -1.605045e-05 -7.317016e-03 2.615585e-03
483            -1.752680e-04 -2.303857e+00 1.143631e-01 -1.597101e-04 -2.296756e+00 1.113826e-01 -1.555787e-05 -7.101207e-03 2.980504e-03
484            -1.908364e-04 -2.495509e+00 1.089864e-01 -1.760427e-04 -2.487979e+00 1.056967e-01 -1.479367e-05 -7.530381e-03 3.289713e-03
485            -2.290693e-04 -2.730714e+00 1.031139e-01 -2.151925e-04 -2.722204e+00 9.959939e-02 -1.387677e-05 -8.510471e-03 3.514558e-03
486            -2.816719e-04 -2.969057e+00 9.553345e-02 -2.686933e-04 -2.959185e+00 9.189998e-02 -1.297865e-05 -9.872222e-03 3.633464e-03
487            -3.376852e-04 -3.171951e+00 8.535299e-02 -3.255454e-04 -3.160575e+00 8.172784e-02 -1.213977e-05 -1.137631e-02 3.625146e-03
488            -3.862637e-04 -3.304859e+00 7.257649e-02 -3.748738e-04 -3.292128e+00 6.907520e-02 -1.138996e-05 -1.273166e-02 3.501288e-03
489            -4.197263e-04 -3.342997e+00 5.830921e-02 -4.090324e-04 -3.329323e+00 5.502289e-02 -1.069395e-05 -1.367413e-02 3.286321e-03
490            -4.354017e-04 -3.276584e+00 4.450696e-02 -4.253346e-04 -3.262575e+00 4.147883e-02 -1.006707e-05 -1.400960e-02 3.028136e-03
491            -4.275284e-04 -3.116120e+00 3.205642e-02 -4.181769e-04 -3.102438e+00 2.930021e-02 -9.351503e-06 -1.368181e-02 2.756212e-03
492            -3.861402e-04 -2.893897e+00 2.008474e-02 -3.777995e-04 -2.881114e+00 1.760280e-02 -8.340683e-06 -1.278310e-02 2.481941e-03
493            -3.060039e-04 -2.657545e+00 6.968650e-03 -2.991383e-04 -2.645988e+00 4.772684e-03 -6.865642e-06 -1.155644e-02 2.195966e-03
494            -1.934452e-04 -2.457606e+00 -8.451572e-03 -1.885636e-04 -2.447277e+00 -1.032413e-02 -4.881573e-06 -1.032925e-02 1.872554e-03
495            -6.811289e-05 -2.333948e+00 -2.551650e-02 -6.547555e-05 -2.324543e+00 -2.702145e-02 -2.637332e-06 -9.404693e-03 1.504950e-03
496            4.796236e-05 -2.306736e+00 -4.244868e-02 4.840871e-05 -2.297751e+00 -4.356633e-02 -4.463514e-07 -8.984467e-03 1.117648e-03
497            1.414667e-04 -2.372102e+00 -5.778674e-02 1.399793e-04 -2.362953e+00 -5.851328e-02 1.487326e-06 -9.149288e-03 7.265417e-04
498            2.101336e-04 -2.508454e+00 -7.085784e-02 2.070072e-04 -2.498594e+00 -7.118844e-02 3.126384e-06 -9.859981e-03 3.305972e-04
499            2.591532e-04 -2.684204e+00 -8.165460e-02 2.546679e-04 -2.673217e+00 -8.158181e-02 4.485248e-06 -1.098646e-02 -7.278252e-05
500            2.961074e-04 -2.864453e+00 -9.038106e-02 2.905573e-04 -2.852114e+00 -8.991114e-02 5.550011e-06 -1.233864e-02 -4.699187e-04
