# Force       
# CofR        : (-1.000000e+01 0.000000e+00 0.000000e+00)
#
# Time        	total_x total_y total_z	pressure_x pressure_y pressure_z	viscous_x viscous_y viscous_z
1              1.443535e+02 4.826406e-03 1.950038e+01 1.441625e+02 4.846149e-03 1.950170e+01 1.909441e-01 -1.974277e-05 -1.324021e-03
2              3.310075e+01 1.086314e-01 6.147673e+00 4.011050e+01 1.085095e-01 6.076852e+00 -7.009749e+00 1.219141e-04 7.082081e-02
3              2.146482e+02 3.398942e-01 4.014231e+01 2.161570e+02 3.405375e-01 4.021886e+01 -1.508836e+00 -6.432636e-04 -7.654907e-02
4              3.357627e+01 3.299390e-01 1.522307e+01 3.403526e+01 3.295915e-01 1.525795e+01 -4.589902e-01 3.474996e-04 -3.488330e-02
5              -1.720772e+00 -2.436380e-02 8.624880e+00 -1.544209e+00 -2.491219e-02 8.641341e+00 -1.765636e-01 5.483886e-04 -1.646064e-02
6              1.392063e+00 7.686789e-02 7.114906e+00 1.421231e+00 7.499291e-02 7.135101e+00 -2.916884e-02 1.874976e-03 -2.019453e-02
7              6.750196e+00 9.753543e-02 8.062974e+00 6.649931e+00 9.540145e-02 8.084399e+00 1.002645e-01 2.133974e-03 -2.142424e-02
8              6.541326e+00 2.085127e-01 6.814336e+00 6.421869e+00 2.074637e-01 6.812968e+00 1.194572e-01 1.048978e-03 1.368148e-03
9              3.118322e+00 2.714080e-01 4.114837e+00 3.005491e+00 2.712689e-01 4.103209e+00 1.128313e-01 1.390231e-04 1.162852e-02
10             -3.432667e-01 2.467082e-01 -1.984758e-01 -3.840775e-01 2.454993e-01 -2.080851e-01 4.081079e-02 1.208825e-03 9.609294e-03
11             -1.981926e+00 7.342946e-02 -3.947224e+00 -1.995312e+00 7.611751e-02 -3.939935e+00 1.338652e-02 -2.688053e-03 -7.289013e-03
12             -2.394631e+00 -9.369372e-02 -6.589833e+00 -2.393409e+00 -8.926954e-02 -6.546314e+00 -1.222137e-03 -4.424181e-03 -4.351971e-02
13             -1.988364e+00 -2.577573e-01 -7.766098e+00 -2.010028e+00 -2.534306e-01 -7.691899e+00 2.166401e-02 -4.326681e-03 -7.419896e-02
14             -1.462399e+00 -3.737021e-01 -7.870906e+00 -1.492603e+00 -3.661928e-01 -7.784409e+00 3.020469e-02 -7.509283e-03 -8.649736e-02
15             -7.867802e-01 -4.652981e-01 -7.435989e+00 -8.390115e-01 -4.589642e-01 -7.354100e+00 5.223129e-02 -6.333934e-03 -8.188815e-02
16             -3.404327e-01 -5.901241e-01 -6.815214e+00 -3.916827e-01 -5.815605e-01 -6.751213e+00 5.125003e-02 -8.563637e-03 -6.400124e-02
17             4.549111e-04 -6.564994e-01 -6.213900e+00 -5.629663e-02 -6.502676e-01 -6.166950e+00 5.675155e-02 -6.231852e-03 -4.695013e-02
18             1.519794e-01 -6.423149e-01 -5.614448e+00 1.093478e-01 -6.383289e-01 -5.579102e+00 4.263153e-02 -3.986040e-03 -3.534661e-02
19             2.603846e-01 -5.588625e-01 -4.990220e+00 2.253352e-01 -5.585964e-01 -4.958981e+00 3.504943e-02 -2.661548e-04 -3.123943e-02
20             2.897339e-01 -4.838384e-01 -4.169197e+00 2.624928e-01 -4.844675e-01 -4.140576e+00 2.724102e-02 6.291745e-04 -2.862080e-02
21             3.123693e-01 -4.076433e-01 -3.119595e+00 2.847371e-01 -4.089494e-01 -3.094137e+00 2.763220e-02 1.306121e-03 -2.545772e-02
22             4.141198e-01 -3.299556e-01 -2.008467e+00 3.866769e-01 -3.313375e-01 -1.988207e+00 2.744289e-02 1.381863e-03 -2.026019e-02
23             6.213279e-01 -2.583801e-01 -1.017331e+00 5.910001e-01 -2.607433e-01 -1.001207e+00 3.032783e-02 2.363163e-03 -1.612334e-02
24             8.656248e-01 -2.034824e-01 -3.849839e-01 8.380109e-01 -2.059291e-01 -3.731496e-01 2.761399e-02 2.446634e-03 -1.183432e-02
25             1.094967e+00 -1.255270e-01 9.473095e-03 1.069199e+00 -1.281373e-01 1.766067e-02 2.576763e-02 2.610330e-03 -8.187573e-03
26             1.281442e+00 -4.635636e-02 2.429917e-01 1.258141e+00 -4.770322e-02 2.486015e-01 2.330061e-02 1.346860e-03 -5.609802e-03
27             1.396564e+00 2.027004e-02 3.419893e-01 1.375700e+00 1.946288e-02 3.456608e-01 2.086384e-02 8.071637e-04 -3.671445e-03
28             1.440292e+00 6.697444e-02 3.475474e-01 1.422428e+00 6.757609e-02 3.503287e-01 1.786340e-02 -6.016507e-04 -2.781292e-03
29             1.396482e+00 9.012036e-02 2.855442e-01 1.379746e+00 9.083336e-02 2.877959e-01 1.673602e-02 -7.130032e-04 -2.251706e-03
30             1.293720e+00 1.027919e-01 2.174453e-01 1.278573e+00 1.034696e-01 2.185849e-01 1.514741e-02 -6.776242e-04 -1.139673e-03
31             1.152586e+00 1.153037e-01 1.418042e-01 1.138705e+00 1.150415e-01 1.419068e-01 1.388046e-02 2.621056e-04 -1.026010e-04
32             1.004219e+00 1.216852e-01 8.870574e-02 9.908075e-01 1.208662e-01 8.724103e-02 1.341157e-02 8.190855e-04 1.464707e-03
33             8.725033e-01 1.260248e-01 4.028549e-02 8.593440e-01 1.245559e-01 3.776997e-02 1.315931e-02 1.468971e-03 2.515524e-03
34             7.903165e-01 1.163549e-01 4.243612e-02 7.765164e-01 1.148677e-01 3.848828e-02 1.380009e-02 1.487180e-03 3.947844e-03
35             7.453225e-01 7.720458e-02 7.826210e-02 7.304477e-01 7.609800e-02 7.358423e-02 1.487487e-02 1.106585e-03 4.677870e-03
36             7.338302e-01 1.325463e-02 1.553107e-01 7.171209e-01 1.302366e-02 1.501878e-01 1.670929e-02 2.309691e-04 5.122944e-03
37             7.364948e-01 -5.972573e-02 2.439352e-01 7.174269e-01 -5.869091e-02 2.388227e-01 1.906789e-02 -1.034815e-03 5.112543e-03
38             7.458428e-01 -1.239334e-01 3.266471e-01 7.241300e-01 -1.213371e-01 3.216608e-01 2.171285e-02 -2.596337e-03 4.986332e-03
39             7.535653e-01 -1.663396e-01 3.841105e-01 7.294011e-01 -1.623633e-01 3.791745e-01 2.416421e-02 -3.976339e-03 4.936030e-03
40             7.581641e-01 -1.812630e-01 4.049151e-01 7.319303e-01 -1.761290e-01 3.999117e-01 2.623380e-02 -5.133957e-03 5.003355e-03
41             7.618281e-01 -1.747151e-01 3.947106e-01 7.337682e-01 -1.688122e-01 3.896826e-01 2.805998e-02 -5.902932e-03 5.028046e-03
42             7.589588e-01 -1.551885e-01 3.626535e-01 7.293792e-01 -1.489369e-01 3.573517e-01 2.957954e-02 -6.251608e-03 5.301786e-03
43             7.548520e-01 -1.284416e-01 3.315016e-01 7.239033e-01 -1.220149e-01 3.259794e-01 3.094875e-02 -6.426738e-03 5.522263e-03
44             7.514628e-01 -9.844536e-02 3.067027e-01 7.192795e-01 -9.200726e-02 3.008969e-01 3.218333e-02 -6.438104e-03 5.805736e-03
45             7.504966e-01 -6.765772e-02 2.968519e-01 7.168551e-01 -6.141894e-02 2.908153e-01 3.364152e-02 -6.238777e-03 6.036573e-03
46             7.515849e-01 -3.798376e-02 2.925915e-01 7.165539e-01 -3.212526e-02 2.864282e-01 3.503096e-02 -5.858496e-03 6.163274e-03
47             7.546724e-01 -1.178969e-02 2.856585e-01 7.181275e-01 -6.366686e-03 2.795023e-01 3.654487e-02 -5.423007e-03 6.156140e-03
48             7.608835e-01 1.348426e-02 2.813353e-01 7.228401e-01 1.846558e-02 2.752828e-01 3.804339e-02 -4.981315e-03 6.052574e-03
49             7.653170e-01 3.163549e-02 2.802105e-01 7.257535e-01 3.617831e-02 2.743239e-01 3.956349e-02 -4.542825e-03 5.886548e-03
50             7.693123e-01 4.518942e-02 2.913640e-01 7.283083e-01 4.932106e-02 2.856383e-01 4.100400e-02 -4.131637e-03 5.725710e-03
51             7.711061e-01 5.609260e-02 3.138062e-01 7.287063e-01 5.981459e-02 3.081706e-01 4.239983e-02 -3.721991e-03 5.635569e-03
52             7.690316e-01 6.517064e-02 3.414978e-01 7.253276e-01 6.844715e-02 3.358032e-01 4.370398e-02 -3.276504e-03 5.694585e-03
53             7.630228e-01 7.347161e-02 3.699754e-01 7.180806e-01 7.628334e-02 3.641091e-01 4.494224e-02 -2.811725e-03 5.866228e-03
54             7.535719e-01 8.157848e-02 3.952642e-01 7.076480e-01 8.388137e-02 3.891052e-01 4.592390e-02 -2.302892e-03 6.158990e-03
55             7.450240e-01 8.821701e-02 4.071303e-01 6.983427e-01 9.000602e-02 4.006570e-01 4.668124e-02 -1.789008e-03 6.473304e-03
56             7.281862e-01 9.899271e-02 4.275062e-01 6.810109e-01 1.002069e-01 4.207160e-01 4.717524e-02 -1.214222e-03 6.790200e-03
57             7.117477e-01 1.096849e-01 4.405745e-01 6.640909e-01 1.103031e-01 4.335700e-01 4.765677e-02 -6.182223e-04 7.004491e-03
58             6.951456e-01 1.197686e-01 4.499662e-01 6.471117e-01 1.197810e-01 4.428178e-01 4.803390e-02 -1.239961e-05 7.148414e-03
59             6.788312e-01 1.274416e-01 4.563523e-01 6.304807e-01 1.269120e-01 4.491762e-01 4.835057e-02 5.295539e-04 7.176151e-03
60             6.626222e-01 1.312862e-01 4.583862e-01 6.139568e-01 1.303130e-01 4.511793e-01 4.866545e-02 9.732100e-04 7.206918e-03
61             6.472330e-01 1.303649e-01 4.548636e-01 5.981733e-01 1.290289e-01 4.476802e-01 4.905970e-02 1.336058e-03 7.183404e-03
62             6.328383e-01 1.243503e-01 4.453200e-01 5.833099e-01 1.227446e-01 4.381487e-01 4.952841e-02 1.605710e-03 7.171324e-03
63             6.192120e-01 1.137480e-01 4.295981e-01 5.691582e-01 1.119742e-01 4.224588e-01 5.005385e-02 1.773845e-03 7.139223e-03
64             6.064701e-01 9.940875e-02 4.086634e-01 5.558603e-01 9.755280e-02 4.015640e-01 5.060977e-02 1.855959e-03 7.099403e-03
65             5.942191e-01 8.303051e-02 3.837121e-01 5.430367e-01 8.116350e-02 3.766663e-01 5.118237e-02 1.867016e-03 7.045792e-03
66             5.833278e-01 6.636629e-02 3.555889e-01 5.315761e-01 6.453668e-02 3.486224e-01 5.175176e-02 1.829620e-03 6.966496e-03
67             5.734676e-01 5.098569e-02 3.275719e-01 5.211538e-01 4.922295e-02 3.206789e-01 5.231381e-02 1.762734e-03 6.893011e-03
68             5.655730e-01 3.719321e-02 2.966912e-01 5.126966e-01 3.552166e-02 2.898768e-01 5.287633e-02 1.671556e-03 6.814455e-03
69             5.590268e-01 2.691373e-02 2.743306e-01 5.055890e-01 2.533140e-02 2.675554e-01 5.343773e-02 1.582332e-03 6.775171e-03
70             5.541925e-01 1.920979e-02 2.596125e-01 5.002224e-01 1.771732e-02 2.528457e-01 5.397015e-02 1.492469e-03 6.766819e-03
71             5.507550e-01 1.352900e-02 2.520506e-01 4.962121e-01 1.210761e-02 2.452623e-01 5.454295e-02 1.421389e-03 6.788314e-03
72             5.482798e-01 8.800079e-03 2.505285e-01 4.932051e-01 7.454653e-03 2.436709e-01 5.507472e-02 1.345426e-03 6.857592e-03
73             5.466318e-01 4.823483e-03 2.532472e-01 4.909536e-01 3.540723e-03 2.462964e-01 5.567821e-02 1.282760e-03 6.950796e-03
74             5.453399e-01 1.166079e-03 2.584522e-01 4.890605e-01 -4.838896e-05 2.513704e-01 5.627943e-02 1.214468e-03 7.081767e-03
75             5.442552e-01 -1.883059e-03 2.643109e-01 4.873572e-01 -3.031606e-03 2.570836e-01 5.689795e-02 1.148546e-03 7.227269e-03
76             5.434255e-01 -4.318324e-03 2.684540e-01 4.858826e-01 -5.402223e-03 2.610747e-01 5.754284e-02 1.083899e-03 7.379300e-03
77             5.426113e-01 -5.716290e-03 2.688002e-01 4.843963e-01 -6.750451e-03 2.613053e-01 5.821500e-02 1.034161e-03 7.494929e-03
78             5.416967e-01 -6.218858e-03 2.638976e-01 4.828220e-01 -7.203369e-03 2.563313e-01 5.887466e-02 9.845108e-04 7.566316e-03
79             5.407411e-01 -5.679212e-03 2.537984e-01 4.812032e-01 -6.622235e-03 2.462241e-01 5.953792e-02 9.430228e-04 7.574319e-03
80             5.394247e-01 -4.506201e-03 2.400402e-01 4.792530e-01 -5.397485e-03 2.325165e-01 6.017164e-02 8.912836e-04 7.523699e-03
81             5.378017e-01 -2.608092e-03 2.265636e-01 4.770081e-01 -3.444058e-03 2.191275e-01 6.079356e-02 8.359653e-04 7.436089e-03
82             5.360515e-01 -6.614734e-04 2.140738e-01 4.746764e-01 -1.427031e-03 2.067522e-01 6.137500e-02 7.655573e-04 7.321602e-03
83             5.344753e-01 1.205544e-03 2.052029e-01 4.725769e-01 5.198189e-04 1.979839e-01 6.189845e-02 6.857251e-04 7.218956e-03
84             5.333014e-01 2.933586e-03 2.005954e-01 4.709056e-01 2.331839e-03 1.934824e-01 6.239581e-02 6.017476e-04 7.112990e-03
85             5.324800e-01 4.402475e-03 1.997527e-01 4.696410e-01 3.884298e-03 1.927219e-01 6.283900e-02 5.181768e-04 7.030847e-03
86             5.319056e-01 5.724358e-03 2.017433e-01 4.686469e-01 5.281813e-03 1.947973e-01 6.325866e-02 4.425451e-04 6.945969e-03
87             5.312480e-01 6.530310e-03 2.056752e-01 4.676096e-01 6.164053e-03 1.987838e-01 6.363841e-02 3.662566e-04 6.891432e-03
88             5.305367e-01 6.978931e-03 2.107385e-01 4.664938e-01 6.678403e-03 2.039080e-01 6.404292e-02 3.005276e-04 6.830512e-03
89             5.295629e-01 7.014284e-03 2.159893e-01 4.651442e-01 6.778344e-03 2.092034e-01 6.441876e-02 2.359399e-04 6.785853e-03
90             5.283775e-01 6.388613e-03 2.204533e-01 4.635665e-01 6.226048e-03 2.137124e-01 6.481099e-02 1.625651e-04 6.740885e-03
91             5.269546e-01 5.445348e-03 2.234790e-01 4.617799e-01 5.351921e-03 2.167892e-01 6.517479e-02 9.342673e-05 6.689872e-03
92             5.253363e-01 3.738249e-03 2.236490e-01 4.598073e-01 3.718145e-03 2.170190e-01 6.552904e-02 2.010377e-05 6.630022e-03
93             5.232686e-01 1.763484e-03 2.215850e-01 4.574114e-01 1.811453e-03 2.150317e-01 6.585719e-02 -4.796946e-05 6.553321e-03
94             5.207000e-01 -4.609436e-04 2.178656e-01 4.545482e-01 -3.400513e-04 2.113971e-01 6.615181e-02 -1.208923e-04 6.468508e-03
95             5.178371e-01 -2.546229e-03 2.137768e-01 4.514116e-01 -2.360367e-03 2.073981e-01 6.642547e-02 -1.858624e-04 6.378723e-03
96             5.144147e-01 -4.275996e-03 2.099211e-01 4.477475e-01 -4.031259e-03 2.036265e-01 6.666722e-02 -2.447368e-04 6.294647e-03
97             5.108223e-01 -5.228441e-03 2.072596e-01 4.439446e-01 -4.938587e-03 2.010353e-01 6.687768e-02 -2.898541e-04 6.224299e-03
98             5.072400e-01 -5.546768e-03 2.062053e-01 4.401856e-01 -5.221339e-03 2.000270e-01 6.705443e-02 -3.254290e-04 6.178205e-03
99             5.039301e-01 -5.032261e-03 2.066972e-01 4.367304e-01 -4.695325e-03 2.005448e-01 6.719977e-02 -3.369359e-04 6.152437e-03
100            5.011584e-01 -3.945873e-03 2.084104e-01 4.338529e-01 -3.611625e-03 2.022661e-01 6.730544e-02 -3.342485e-04 6.144361e-03
101            4.991422e-01 -2.717233e-03 2.110713e-01 4.317703e-01 -2.392842e-03 2.049078e-01 6.737190e-02 -3.243906e-04 6.163452e-03
102            4.980774e-01 -1.493901e-03 2.139501e-01 4.306667e-01 -1.188107e-03 2.077636e-01 6.741075e-02 -3.057942e-04 6.186530e-03
103            4.981292e-01 -6.554692e-04 2.165349e-01 4.307132e-01 -3.680476e-04 2.103148e-01 6.741604e-02 -2.874216e-04 6.220098e-03
104            4.993324e-01 -2.169862e-04 2.182628e-01 4.319242e-01 5.047695e-05 2.120162e-01 6.740820e-02 -2.674631e-04 6.246681e-03
105            5.014695e-01 -4.033927e-04 2.188322e-01 4.340847e-01 -1.500909e-04 2.125566e-01 6.738480e-02 -2.533018e-04 6.275651e-03
106            5.042473e-01 -9.490039e-04 2.183822e-01 4.368916e-01 -7.133279e-04 2.120882e-01 6.735572e-02 -2.356760e-04 6.293995e-03
107            5.072536e-01 -1.968269e-03 2.173605e-01 4.399465e-01 -1.743942e-03 2.110410e-01 6.730714e-02 -2.243266e-04 6.319524e-03
108            5.102092e-01 -2.985786e-03 2.163745e-01 4.429639e-01 -2.782455e-03 2.100337e-01 6.724531e-02 -2.033313e-04 6.340832e-03
109            5.128470e-01 -4.128066e-03 2.161243e-01 4.456891e-01 -3.934333e-03 2.097527e-01 6.715789e-02 -1.937331e-04 6.371597e-03
110            5.152636e-01 -4.858426e-03 2.171676e-01 4.482070e-01 -4.685492e-03 2.107723e-01 6.705654e-02 -1.729340e-04 6.395294e-03
111            5.177330e-01 -5.273457e-03 2.196718e-01 4.508087e-01 -5.118596e-03 2.132451e-01 6.692435e-02 -1.548603e-04 6.426755e-03
112            5.199314e-01 -5.026243e-03 2.236453e-01 4.531616e-01 -4.903041e-03 2.171987e-01 6.676987e-02 -1.232013e-04 6.446625e-03
113            5.220748e-01 -4.336936e-03 2.285942e-01 4.554929e-01 -4.245271e-03 2.221200e-01 6.658190e-02 -9.166581e-05 6.474205e-03
114            5.244308e-01 -3.036699e-03 2.340096e-01 4.580599e-01 -2.995781e-03 2.275186e-01 6.637085e-02 -4.091784e-05 6.490986e-03
115            5.271286e-01 -1.291374e-03 2.392106e-01 4.610042e-01 -1.310158e-03 2.327099e-01 6.612439e-02 1.878345e-05 6.500741e-03
116            5.300090e-01 4.972623e-04 2.437174e-01 4.641507e-01 4.245822e-04 2.372180e-01 6.585829e-02 7.268012e-05 6.499403e-03
117            5.327706e-01 2.257190e-03 2.471091e-01 4.671821e-01 2.153225e-03 2.406293e-01 6.558851e-02 1.039652e-04 6.479812e-03
118            5.348796e-01 3.381120e-03 2.490148e-01 4.695451e-01 3.295137e-03 2.425749e-01 6.533447e-02 8.598313e-05 6.439834e-03
119            5.360290e-01 4.092014e-03 2.491404e-01 4.709022e-01 4.066726e-03 2.427648e-01 6.512686e-02 2.528763e-05 6.375637e-03
120            5.359771e-01 4.267535e-03 2.476320e-01 4.710099e-01 4.336330e-03 2.413246e-01 6.496717e-02 -6.879470e-05 6.307427e-03
121            5.347035e-01 4.114228e-03 2.450840e-01 4.698475e-01 4.282332e-03 2.388548e-01 6.485598e-02 -1.681041e-04 6.229247e-03
122            5.323871e-01 3.720495e-03 2.420470e-01 4.675952e-01 3.976950e-03 2.359019e-01 6.479193e-02 -2.564556e-04 6.145096e-03
123            5.292666e-01 2.936735e-03 2.391983e-01 4.645063e-01 3.267943e-03 2.331245e-01 6.476036e-02 -3.312075e-04 6.073738e-03
124            5.255528e-01 2.046717e-03 2.370056e-01 4.607937e-01 2.418932e-03 2.309970e-01 6.475910e-02 -3.722147e-04 6.008610e-03
125            5.214269e-01 1.039964e-03 2.355635e-01 4.566605e-01 1.428427e-03 2.296045e-01 6.476645e-02 -3.884623e-04 5.959029e-03
126            5.171784e-01 1.026480e-04 2.347961e-01 4.524062e-01 4.796157e-04 2.288675e-01 6.477226e-02 -3.769676e-04 5.928614e-03
127            5.130749e-01 -6.280764e-04 2.345983e-01 4.483090e-01 -2.816059e-04 2.286801e-01 6.476586e-02 -3.464705e-04 5.918246e-03
128            5.094136e-01 -1.058387e-03 2.347582e-01 4.446644e-01 -7.607392e-04 2.288316e-01 6.474911e-02 -2.976474e-04 5.926600e-03
129            5.063985e-01 -1.229307e-03 2.349907e-01 4.416850e-01 -9.919519e-04 2.290363e-01 6.471345e-02 -2.373555e-04 5.954433e-03
130            5.042627e-01 -1.134788e-03 2.350368e-01 4.395997e-01 -9.701081e-04 2.290469e-01 6.466297e-02 -1.646799e-04 5.989924e-03
131            5.031545e-01 -8.972215e-04 2.348370e-01 4.385613e-01 -8.068240e-04 2.288007e-01 6.459322e-02 -9.039756e-05 6.036331e-03
132            5.032012e-01 -4.947827e-04 2.343214e-01 4.386916e-01 -4.783481e-04 2.282367e-01 6.450953e-02 -1.643461e-05 6.084705e-03
133            5.043370e-01 -1.229907e-04 2.336580e-01 4.399318e-01 -1.686828e-04 2.275171e-01 6.440515e-02 4.569201e-05 6.140869e-03
134            5.063945e-01 3.581118e-04 2.331159e-01 4.420999e-01 2.559306e-04 2.269261e-01 6.429464e-02 1.021812e-04 6.189765e-03
135            5.090555e-01 7.256779e-04 2.329528e-01 4.448854e-01 5.882947e-04 2.267079e-01 6.417013e-02 1.373832e-04 6.244888e-03
136            5.120948e-01 1.159324e-03 2.334401e-01 4.480497e-01 9.944557e-04 2.271442e-01 6.404508e-02 1.648683e-04 6.295827e-03
137            5.152512e-01 1.429281e-03 2.348911e-01 4.513451e-01 1.256037e-03 2.285308e-01 6.390605e-02 1.732442e-04 6.360282e-03
138            5.182773e-01 1.761019e-03 2.371190e-01 4.545090e-01 1.585145e-03 2.306958e-01 6.376832e-02 1.758741e-04 6.423127e-03
139            5.209870e-01 1.937984e-03 2.400724e-01 4.573711e-01 1.778659e-03 2.335731e-01 6.361591e-02 1.593253e-04 6.499347e-03
140            5.234201e-01 2.217684e-03 2.435441e-01 4.599576e-01 2.071457e-03 2.369785e-01 6.346256e-02 1.462277e-04 6.565642e-03
141            5.256797e-01 2.431981e-03 2.472441e-01 4.623865e-01 2.309373e-03 2.406168e-01 6.329320e-02 1.226087e-04 6.627341e-03
142            5.279025e-01 2.751994e-03 2.508360e-01 4.647953e-01 2.647643e-03 2.441685e-01 6.310724e-02 1.043501e-04 6.667468e-03
143            5.301729e-01 2.986651e-03 2.540184e-01 4.672774e-01 2.903316e-03 2.473244e-01 6.289549e-02 8.333486e-05 6.693964e-03
144            5.324285e-01 3.198429e-03 2.565918e-01 4.697528e-01 3.122483e-03 2.499016e-01 6.267577e-02 7.594630e-05 6.690175e-03
145            5.341574e-01 3.371662e-03 2.584403e-01 4.717108e-01 3.300867e-03 2.517808e-01 6.244665e-02 7.079451e-05 6.659505e-03
146            5.348646e-01 3.219356e-03 2.595047e-01 4.726201e-01 3.161341e-03 2.528950e-01 6.224448e-02 5.801511e-05 6.609653e-03
147            5.343407e-01 2.938139e-03 2.595010e-01 4.722597e-01 2.903159e-03 2.529627e-01 6.208108e-02 3.498040e-05 6.538365e-03
148            5.327769e-01 2.450078e-03 2.583995e-01 4.708151e-01 2.455451e-03 2.519466e-01 6.196180e-02 -5.373088e-06 6.452956e-03
149            5.304798e-01 1.734853e-03 2.567746e-01 4.685951e-01 1.806219e-03 2.504059e-01 6.188470e-02 -7.136589e-05 6.368635e-03
150            5.274608e-01 8.615914e-04 2.549790e-01 4.656150e-01 1.008737e-03 2.487049e-01 6.184579e-02 -1.471459e-04 6.274094e-03
151            5.237703e-01 -1.240119e-04 2.530799e-01 4.619378e-01 9.843615e-05 2.468960e-01 6.183255e-02 -2.224481e-04 6.183851e-03
152            5.196226e-01 -1.108688e-03 2.511555e-01 4.577760e-01 -8.271988e-04 2.450625e-01 6.184660e-02 -2.814896e-04 6.093041e-03
153            5.153029e-01 -2.138929e-03 2.493687e-01 4.534227e-01 -1.809412e-03 2.433444e-01 6.188019e-02 -3.295166e-04 6.024306e-03
154            5.112029e-01 -3.071303e-03 2.478082e-01 4.492673e-01 -2.710841e-03 2.418327e-01 6.193566e-02 -3.604625e-04 5.975497e-03
155            5.075782e-01 -3.872349e-03 2.465745e-01 4.455910e-01 -3.493465e-03 2.406215e-01 6.198718e-02 -3.788837e-04 5.952910e-03
156            5.045982e-01 -4.523059e-03 2.457800e-01 4.425670e-01 -4.137939e-03 2.398211e-01 6.203120e-02 -3.851207e-04 5.958935e-03
157            5.024067e-01 -4.990821e-03 2.451821e-01 4.403346e-01 -4.609775e-03 2.391969e-01 6.207204e-02 -3.810460e-04 5.985129e-03
158            5.010897e-01 -5.219114e-03 2.446861e-01 4.389892e-01 -4.850586e-03 2.386601e-01 6.210050e-02 -3.685275e-04 6.025999e-03
159            5.007528e-01 -5.357754e-03 2.442097e-01 4.386291e-01 -5.011477e-03 2.381322e-01 6.212376e-02 -3.462771e-04 6.077493e-03
160            5.014537e-01 -5.395059e-03 2.436076e-01 4.393208e-01 -5.076378e-03 2.374742e-01 6.213291e-02 -3.186806e-04 6.133364e-03
161            5.030106e-01 -5.514738e-03 2.431543e-01 4.408907e-01 -5.225959e-03 2.369583e-01 6.211986e-02 -2.887792e-04 6.196041e-03
162            5.052461e-01 -5.578161e-03 2.429048e-01 4.431554e-01 -5.319498e-03 2.366419e-01 6.209066e-02 -2.586633e-04 6.262948e-03
163            5.078977e-01 -5.655096e-03 2.430654e-01 4.458585e-01 -5.425673e-03 2.367318e-01 6.203919e-02 -2.294232e-04 6.333535e-03
164            5.108078e-01 -5.645605e-03 2.437916e-01 4.488361e-01 -5.445442e-03 2.373850e-01 6.197169e-02 -2.001635e-04 6.406634e-03
165            5.138388e-01 -5.611226e-03 2.450484e-01 4.519483e-01 -5.437259e-03 2.385659e-01 6.189050e-02 -1.739667e-04 6.482492e-03
166            5.168771e-01 -5.526286e-03 2.468533e-01 4.550796e-01 -5.373862e-03 2.402942e-01 6.179756e-02 -1.524240e-04 6.559102e-03
167            5.198919e-01 -5.329173e-03 2.490956e-01 4.581904e-01 -5.195446e-03 2.424586e-01 6.170149e-02 -1.337268e-04 6.636952e-03
168            5.227683e-01 -5.028445e-03 2.515262e-01 4.611687e-01 -4.911118e-03 2.448141e-01 6.159965e-02 -1.173270e-04 6.712153e-03
169            5.255016e-01 -4.575501e-03 2.540189e-01 4.640090e-01 -4.474506e-03 2.472360e-01 6.149257e-02 -1.009957e-04 6.782857e-03
170            5.281373e-01 -4.086064e-03 2.564293e-01 4.667556e-01 -4.000892e-03 2.495868e-01 6.138170e-02 -8.517194e-05 6.842508e-03
171            5.307194e-01 -3.519215e-03 2.586332e-01 4.694563e-01 -3.450355e-03 2.517408e-01 6.126302e-02 -6.886045e-05 6.892353e-03
172            5.332809e-01 -2.889107e-03 2.604903e-01 4.721419e-01 -2.842087e-03 2.535653e-01 6.113894e-02 -4.702044e-05 6.925015e-03
173            5.358149e-01 -2.420316e-03 2.619709e-01 4.748092e-01 -2.394976e-03 2.550166e-01 6.100568e-02 -2.533984e-05 6.954319e-03
174            5.383389e-01 -2.051715e-03 2.630463e-01 4.774677e-01 -2.061548e-03 2.560742e-01 6.087118e-02 9.832927e-06 6.972166e-03
175            5.407361e-01 -1.892285e-03 2.636665e-01 4.800103e-01 -1.945756e-03 2.566800e-01 6.072578e-02 5.347111e-05 6.986468e-03
176            5.429431e-01 -1.985702e-03 2.637459e-01 4.823553e-01 -2.081973e-03 2.567504e-01 6.058772e-02 9.627063e-05 6.995482e-03
177            5.448397e-01 -2.393651e-03 2.632927e-01 4.843778e-01 -2.518781e-03 2.562880e-01 6.046193e-02 1.251298e-04 7.004715e-03
178            5.462819e-01 -2.938878e-03 2.624910e-01 4.859188e-01 -3.085719e-03 2.554832e-01 6.036312e-02 1.468408e-04 7.007828e-03
179            5.471462e-01 -3.668222e-03 2.615524e-01 4.868525e-01 -3.830551e-03 2.545382e-01 6.029372e-02 1.623282e-04 7.014146e-03
180            5.474985e-01 -4.318966e-03 2.606553e-01 4.872275e-01 -4.507823e-03 2.536464e-01 6.027096e-02 1.888569e-04 7.008866e-03
181            5.473932e-01 -4.827537e-03 2.599074e-01 4.871152e-01 -5.057571e-03 2.529115e-01 6.027797e-02 2.300334e-04 6.995876e-03
182            5.468960e-01 -5.133921e-03 2.593565e-01 4.865851e-01 -5.415394e-03 2.523825e-01 6.031090e-02 2.814731e-04 6.973947e-03
183            5.460343e-01 -5.162597e-03 2.589064e-01 4.856810e-01 -5.498616e-03 2.519620e-01 6.035331e-02 3.360189e-04 6.944473e-03
184            5.448407e-01 -4.893630e-03 2.583792e-01 4.844385e-01 -5.280516e-03 2.514730e-01 6.040223e-02 3.868858e-04 6.906163e-03
185            5.433587e-01 -4.288606e-03 2.575894e-01 4.829055e-01 -4.720119e-03 2.507296e-01 6.045314e-02 4.315128e-04 6.859777e-03
186            5.416608e-01 -3.398190e-03 2.564125e-01 4.811516e-01 -3.867513e-03 2.496039e-01 6.050917e-02 4.693223e-04 6.808537e-03
187            5.397716e-01 -2.301544e-03 2.548291e-01 4.792060e-01 -2.803780e-03 2.480745e-01 6.056564e-02 5.022356e-04 6.754561e-03
188            5.377405e-01 -1.102393e-03 2.528760e-01 4.771083e-01 -1.633002e-03 2.461792e-01 6.063221e-02 5.306090e-04 6.696836e-03
189            5.355929e-01 6.210521e-05 2.506972e-01 4.748905e-01 -4.929691e-04 2.440607e-01 6.070237e-02 5.550743e-04 6.636479e-03
190            5.333609e-01 1.104534e-03 2.484337e-01 4.725789e-01 5.309121e-04 2.418563e-01 6.078207e-02 5.736219e-04 6.577482e-03
191            5.310107e-01 1.924988e-03 2.462298e-01 4.701467e-01 1.338466e-03 2.397090e-01 6.086401e-02 5.865222e-04 6.520770e-03
192            5.285139e-01 2.483619e-03 2.442347e-01 4.675653e-01 1.890675e-03 2.377693e-01 6.094863e-02 5.929438e-04 6.465402e-03
193            5.258461e-01 2.803953e-03 2.424873e-01 4.648093e-01 2.210174e-03 2.360742e-01 6.103680e-02 5.937790e-04 6.413007e-03
194            5.230104e-01 2.958304e-03 2.410034e-01 4.618785e-01 2.369060e-03 2.346416e-01 6.113192e-02 5.892437e-04 6.361834e-03
195            5.200624e-01 3.021358e-03 2.398332e-01 4.588307e-01 2.441876e-03 2.335158e-01 6.123173e-02 5.794819e-04 6.317394e-03
196            5.170683e-01 3.066152e-03 2.389410e-01 4.557313e-01 2.501495e-03 2.326641e-01 6.133698e-02 5.646571e-04 6.276970e-03
197            5.141158e-01 3.145797e-03 2.382861e-01 4.526729e-01 2.600715e-03 2.320429e-01 6.144284e-02 5.450823e-04 6.243225e-03
198            5.113255e-01 3.325861e-03 2.377789e-01 4.497771e-01 2.805726e-03 2.315628e-01 6.154838e-02 5.201350e-04 6.216069e-03
199            5.088038e-01 3.537895e-03 2.373941e-01 4.471551e-01 3.050662e-03 2.311949e-01 6.164865e-02 4.872328e-04 6.199241e-03
200            5.066217e-01 3.848395e-03 2.371558e-01 4.448766e-01 3.398904e-03 2.309650e-01 6.174510e-02 4.494916e-04 6.190794e-03
201            5.048535e-01 4.072828e-03 2.371663e-01 4.430191e-01 3.669761e-03 2.309680e-01 6.183444e-02 4.030669e-04 6.198329e-03
202            5.035896e-01 4.318257e-03 2.373481e-01 4.416685e-01 3.962554e-03 2.311340e-01 6.192109e-02 3.557030e-04 6.214088e-03
203            5.028775e-01 4.350955e-03 2.377248e-01 4.408812e-01 4.051394e-03 2.314784e-01 6.199627e-02 2.995601e-04 6.246402e-03
204            5.027545e-01 4.359951e-03 2.384396e-01 4.406903e-01 4.112256e-03 2.321552e-01 6.206422e-02 2.476944e-04 6.284465e-03
205            5.031589e-01 4.018429e-03 2.394022e-01 4.410460e-01 3.831335e-03 2.330647e-01 6.211291e-02 1.870943e-04 6.337538e-03
206            5.040830e-01 3.687391e-03 2.405844e-01 4.419253e-01 3.553599e-03 2.341933e-01 6.215765e-02 1.337922e-04 6.391164e-03
207            5.054303e-01 3.003935e-03 2.420463e-01 4.432547e-01 2.924415e-03 2.355891e-01 6.217565e-02 7.951989e-05 6.457218e-03
208            5.070586e-01 2.425759e-03 2.437637e-01 4.448746e-01 2.389120e-03 2.372446e-01 6.218395e-02 3.663854e-05 6.519103e-03
209            5.088774e-01 1.723495e-03 2.456536e-01 4.467107e-01 1.726699e-03 2.390652e-01 6.216675e-02 -3.203991e-06 6.588359e-03
210            5.108073e-01 1.041038e-03 2.476355e-01 4.486761e-01 1.067650e-03 2.409852e-01 6.213118e-02 -2.661140e-05 6.650362e-03
211            5.128149e-01 2.990889e-04 2.496555e-01 4.507477e-01 3.459519e-04 2.429438e-01 6.206722e-02 -4.686298e-05 6.711738e-03
212            5.148346e-01 -4.411708e-04 2.516500e-01 4.528559e-01 -3.830823e-04 2.448790e-01 6.197875e-02 -5.808846e-05 6.770967e-03
213            5.168588e-01 -1.014349e-03 2.535601e-01 4.549880e-01 -9.602664e-04 2.467433e-01 6.187079e-02 -5.408296e-05 6.816770e-03
214            5.188454e-01 -1.625209e-03 2.554463e-01 4.571071e-01 -1.574545e-03 2.485865e-01 6.173837e-02 -5.066412e-05 6.859869e-03
215            5.208402e-01 -2.118597e-03 2.572586e-01 4.592435e-01 -2.085959e-03 2.503730e-01 6.159662e-02 -3.263800e-05 6.885578e-03
216            5.228573e-01 -2.595551e-03 2.590064e-01 4.614263e-01 -2.584166e-03 2.521010e-01 6.143098e-02 -1.138528e-05 6.905421e-03
217            5.249680e-01 -2.862389e-03 2.606674e-01 4.637155e-01 -2.882919e-03 2.537595e-01 6.125246e-02 2.052997e-05 6.907887e-03
218            5.272252e-01 -3.091384e-03 2.622833e-01 4.661704e-01 -3.137517e-03 2.553783e-01 6.105481e-02 4.613291e-05 6.905006e-03
219            5.296908e-01 -3.093532e-03 2.638437e-01 4.688368e-01 -3.166188e-03 2.569546e-01 6.085401e-02 7.265613e-05 6.889053e-03
220            5.322389e-01 -2.883333e-03 2.653894e-01 4.715873e-01 -2.980622e-03 2.585247e-01 6.065163e-02 9.728833e-05 6.864736e-03
221            5.343851e-01 -2.610975e-03 2.668901e-01 4.739343e-01 -2.730018e-03 2.600528e-01 6.045081e-02 1.190436e-04 6.837344e-03
222            5.357597e-01 -2.278808e-03 2.680177e-01 4.754716e-01 -2.424764e-03 2.612196e-01 6.028804e-02 1.459564e-04 6.798082e-03
223            5.362540e-01 -1.942839e-03 2.684538e-01 4.760771e-01 -2.123163e-03 2.617049e-01 6.017691e-02 1.803245e-04 6.748978e-03
224            5.359559e-01 -1.717461e-03 2.681402e-01 4.758392e-01 -1.935556e-03 2.614466e-01 6.011669e-02 2.180951e-04 6.693624e-03
225            5.350186e-01 -1.439079e-03 2.670791e-01 4.749162e-01 -1.704365e-03 2.604526e-01 6.010242e-02 2.652852e-04 6.626514e-03
226            5.335737e-01 -1.170052e-03 2.653668e-01 4.734495e-01 -1.479254e-03 2.588047e-01 6.012423e-02 3.092021e-04 6.562162e-03
227            5.317342e-01 -7.449179e-04 2.631498e-01 4.715594e-01 -1.094968e-03 2.566549e-01 6.017478e-02 3.500506e-04 6.494843e-03
228            5.294636e-01 -2.284307e-04 2.605239e-01 4.692173e-01 -6.098934e-04 2.540960e-01 6.024628e-02 3.814627e-04 6.427889e-03
229            5.267416e-01 3.769502e-04 2.576456e-01 4.664089e-01 -2.336170e-05 2.512796e-01 6.033268e-02 4.003119e-04 6.366007e-03
230            5.236783e-01 1.009736e-03 2.545572e-01 4.632419e-01 6.034215e-04 2.482460e-01 6.043641e-02 4.063142e-04 6.311142e-03
231            5.204903e-01 1.636839e-03 2.516051e-01 4.599396e-01 1.232020e-03 2.453404e-01 6.055078e-02 4.048197e-04 6.264667e-03
232            5.171516e-01 2.238397e-03 2.486418e-01 4.564798e-01 1.847086e-03 2.424080e-01 6.067183e-02 3.913114e-04 6.233831e-03
233            5.140225e-01 2.811969e-03 2.459204e-01 4.532312e-01 2.436786e-03 2.397096e-01 6.079123e-02 3.751825e-04 6.210775e-03
234            5.113875e-01 3.277252e-03 2.435004e-01 4.504801e-01 2.930111e-03 2.372930e-01 6.090743e-02 3.471410e-04 6.207335e-03
235            5.092952e-01 3.645963e-03 2.416149e-01 4.482847e-01 3.325084e-03 2.354067e-01 6.101049e-02 3.208785e-04 6.208243e-03
236            5.079587e-01 3.813080e-03 2.401364e-01 4.468552e-01 3.527232e-03 2.339130e-01 6.110341e-02 2.858480e-04 6.223410e-03
237            5.074581e-01 3.863784e-03 2.388229e-01 4.462761e-01 3.608083e-03 2.325767e-01 6.118203e-02 2.557015e-04 6.246195e-03
238            5.076986e-01 3.675982e-03 2.378871e-01 4.464544e-01 3.454979e-03 2.316028e-01 6.124415e-02 2.210026e-04 6.284318e-03
239            5.085897e-01 3.421223e-03 2.372238e-01 4.472947e-01 3.224922e-03 2.308962e-01 6.129501e-02 1.963002e-04 6.327688e-03
240            5.099334e-01 2.920481e-03 2.367031e-01 4.485997e-01 2.754938e-03 2.303158e-01 6.133369e-02 1.655423e-04 6.387377e-03
241            5.116176e-01 2.332984e-03 2.365177e-01 4.502560e-01 2.185662e-03 2.300739e-01 6.136166e-02 1.473220e-04 6.443816e-03
242            5.134880e-01 1.501424e-03 2.368346e-01 4.521052e-01 1.385109e-03 2.303224e-01 6.138279e-02 1.163152e-04 6.512243e-03
243            5.154119e-01 7.404929e-04 2.374818e-01 4.540120e-01 6.464150e-04 2.309101e-01 6.139990e-02 9.407788e-05 6.571700e-03
244            5.173107e-01 -1.170210e-04 2.383860e-01 4.559028e-01 -1.803983e-04 2.317494e-01 6.140795e-02 6.337725e-05 6.636599e-03
245            5.192268e-01 -7.105288e-04 2.396696e-01 4.578175e-01 -7.548603e-04 2.329811e-01 6.140937e-02 4.433153e-05 6.688593e-03
246            5.211168e-01 -1.301391e-03 2.412996e-01 4.597208e-01 -1.315539e-03 2.345530e-01 6.139600e-02 1.414738e-05 6.746660e-03
247            5.229903e-01 -1.592321e-03 2.432058e-01 4.616146e-01 -1.584731e-03 2.364166e-01 6.137568e-02 -7.590332e-06 6.789170e-03
248            5.249087e-01 -1.716283e-03 2.452574e-01 4.635737e-01 -1.679033e-03 2.384308e-01 6.133496e-02 -3.724975e-05 6.826678e-03
249            5.269443e-01 -1.789245e-03 2.474771e-01 4.656644e-01 -1.719180e-03 2.406183e-01 6.127991e-02 -7.006502e-05 6.858731e-03
250            5.292232e-01 -1.590375e-03 2.497632e-01 4.680089e-01 -1.491527e-03 2.428851e-01 6.121430e-02 -9.884836e-05 6.878061e-03
251            5.316219e-01 -1.461988e-03 2.520326e-01 4.704914e-01 -1.330146e-03 2.451386e-01 6.113049e-02 -1.318422e-04 6.894068e-03
252            5.341089e-01 -1.102861e-03 2.541247e-01 4.730700e-01 -9.433366e-04 2.472235e-01 6.103889e-02 -1.595242e-04 6.901189e-03
253            5.365508e-01 -8.263413e-04 2.558997e-01 4.756149e-01 -6.332650e-04 2.489847e-01 6.093585e-02 -1.930763e-04 6.914951e-03
254            5.388683e-01 -5.213408e-04 2.572294e-01 4.780346e-01 -2.993557e-04 2.503053e-01 6.083370e-02 -2.219851e-04 6.924045e-03
255            5.408888e-01 -2.629202e-04 2.579011e-01 4.801679e-01 -8.240059e-06 2.509683e-01 6.072082e-02 -2.546802e-04 6.932771e-03
256            5.424882e-01 -2.387324e-04 2.579189e-01 4.818743e-01 6.465390e-05 2.509718e-01 6.061397e-02 -3.033863e-04 6.947042e-03
257            5.436306e-01 -3.262016e-04 2.574394e-01 4.830979e-01 2.520015e-05 2.504847e-01 6.053275e-02 -3.514017e-04 6.954710e-03
258            5.441937e-01 -7.400370e-04 2.567312e-01 4.837091e-01 -3.427812e-04 2.497683e-01 6.048464e-02 -3.972558e-04 6.962838e-03
259            5.443223e-01 -1.309373e-03 2.560538e-01 4.838427e-01 -8.858843e-04 2.490918e-01 6.047967e-02 -4.234882e-04 6.962009e-03
260            5.440382e-01 -2.051984e-03 2.551528e-01 4.835285e-01 -1.621676e-03 2.481924e-01 6.050971e-02 -4.303081e-04 6.960343e-03
261            5.435960e-01 -2.936876e-03 2.541780e-01 4.830423e-01 -2.513715e-03 2.472206e-01 6.055374e-02 -4.231613e-04 6.957436e-03
262            5.430612e-01 -3.879992e-03 2.531245e-01 4.824590e-01 -3.475574e-03 2.461690e-01 6.060220e-02 -4.044178e-04 6.955484e-03
263            5.423807e-01 -4.851162e-03 2.519349e-01 4.817443e-01 -4.475888e-03 2.449827e-01 6.063642e-02 -3.752734e-04 6.952221e-03
264            5.415433e-01 -5.805921e-03 2.505815e-01 4.808836e-01 -5.467410e-03 2.436374e-01 6.065968e-02 -3.385103e-04 6.944103e-03
265            5.405316e-01 -6.739296e-03 2.491395e-01 4.798631e-01 -6.441984e-03 2.422093e-01 6.066855e-02 -2.973120e-04 6.930242e-03
266            5.393451e-01 -7.574149e-03 2.477089e-01 4.786794e-01 -7.323355e-03 2.408004e-01 6.066565e-02 -2.507937e-04 6.908515e-03
267            5.379591e-01 -8.226546e-03 2.463997e-01 4.773071e-01 -8.028025e-03 2.395216e-01 6.065199e-02 -1.985211e-04 6.878061e-03
268            5.364288e-01 -8.636481e-03 2.452422e-01 4.757914e-01 -8.497851e-03 2.384031e-01 6.063735e-02 -1.386301e-04 6.839085e-03
269            5.348098e-01 -8.672733e-03 2.442636e-01 4.741871e-01 -8.601269e-03 2.374728e-01 6.062271e-02 -7.146404e-05 6.790758e-03
270            5.331521e-01 -8.296191e-03 2.434603e-01 4.725329e-01 -8.294929e-03 2.367257e-01 6.061921e-02 -1.261962e-06 6.734598e-03
271            5.314999e-01 -7.578529e-03 2.428662e-01 4.708777e-01 -7.647137e-03 2.361912e-01 6.062221e-02 6.860758e-05 6.675007e-03
272            5.299038e-01 -6.603493e-03 2.423700e-01 4.692693e-01 -6.742920e-03 2.357530e-01 6.063451e-02 1.394268e-04 6.617024e-03
273            5.284473e-01 -5.397291e-03 2.418919e-01 4.677934e-01 -5.609724e-03 2.353310e-01 6.065392e-02 2.124331e-04 6.560978e-03
274            5.272226e-01 -4.110923e-03 2.416128e-01 4.665451e-01 -4.392215e-03 2.351045e-01 6.067752e-02 2.812915e-04 6.508280e-03
275            5.263200e-01 -2.721272e-03 2.414508e-01 4.656147e-01 -3.067390e-03 2.350015e-01 6.070533e-02 3.461181e-04 6.449261e-03
276            5.257737e-01 -1.534642e-03 2.414181e-01 4.650368e-01 -1.930293e-03 2.350198e-01 6.073691e-02 3.956512e-04 6.398212e-03
277            5.255820e-01 -4.639367e-04 2.415355e-01 4.648000e-01 -9.050889e-04 2.351891e-01 6.078205e-02 4.411522e-04 6.346459e-03
278            5.256456e-01 2.949360e-04 2.418101e-01 4.648091e-01 -1.744848e-04 2.355072e-01 6.083646e-02 4.694208e-04 6.302955e-03
279            5.258854e-01 8.935098e-04 2.421859e-01 4.649742e-01 4.055214e-04 2.359294e-01 6.091122e-02 4.879884e-04 6.256524e-03
280            5.261429e-01 1.145589e-03 2.425833e-01 4.651383e-01 6.616973e-04 2.363666e-01 6.100454e-02 4.838914e-04 6.216725e-03
281            5.262739e-01 1.310455e-03 2.429268e-01 4.651491e-01 8.393095e-04 2.367600e-01 6.112475e-02 4.711450e-04 6.166852e-03
282            5.260719e-01 1.342928e-03 2.432134e-01 4.648099e-01 8.997633e-04 2.370946e-01 6.126205e-02 4.431651e-04 6.118837e-03
283            5.254189e-01 1.468825e-03 2.433779e-01 4.640004e-01 1.059346e-03 2.373134e-01 6.141847e-02 4.094797e-04 6.064423e-03
284            5.242419e-01 1.488916e-03 2.433278e-01 4.626668e-01 1.134195e-03 2.373011e-01 6.157510e-02 3.547209e-04 6.026688e-03
285            5.226518e-01 1.592725e-03 2.430521e-01 4.609320e-01 1.307047e-03 2.370507e-01 6.171980e-02 2.856787e-04 6.001359e-03
286            5.207941e-01 1.448746e-03 2.426107e-01 4.589610e-01 1.264593e-03 2.366066e-01 6.183315e-02 1.841532e-04 6.004134e-03
287            5.188814e-01 1.299848e-03 2.420887e-01 4.569545e-01 1.222869e-03 2.360721e-01 6.192697e-02 7.697812e-05 6.016570e-03
288            5.170466e-01 8.193037e-04 2.416024e-01 4.550461e-01 8.570094e-04 2.355484e-01 6.200054e-02 -3.770568e-05 6.053983e-03
289            5.154397e-01 2.487124e-04 2.411967e-01 4.533755e-01 3.911438e-04 2.351058e-01 6.206424e-02 -1.424313e-04 6.090941e-03
290            5.141652e-01 -6.445249e-04 2.408464e-01 4.520661e-01 -3.970849e-04 2.347055e-01 6.209911e-02 -2.474401e-04 6.140863e-03
291            5.133387e-01 -1.683042e-03 2.405766e-01 4.512310e-01 -1.346076e-03 2.343890e-01 6.210769e-02 -3.369659e-04 6.187634e-03
292            5.129456e-01 -2.971098e-03 2.403980e-01 4.508615e-01 -2.560342e-03 2.341675e-01 6.208410e-02 -4.107557e-04 6.230496e-03
293            5.128656e-01 -4.437218e-03 2.404488e-01 4.508375e-01 -3.965441e-03 2.341718e-01 6.202814e-02 -4.717769e-04 6.277026e-03
294            5.129656e-01 -5.753896e-03 2.406871e-01 4.510005e-01 -5.243253e-03 2.343755e-01 6.196508e-02 -5.106436e-04 6.311547e-03
295            5.130662e-01 -7.072157e-03 2.410813e-01 4.511824e-01 -6.520811e-03 2.347237e-01 6.188386e-02 -5.513456e-04 6.357602e-03
296            5.131136e-01 -8.000305e-03 2.416805e-01 4.512975e-01 -7.425917e-03 2.352854e-01 6.181611e-02 -5.743879e-04 6.395168e-03
297            5.131586e-01 -8.899254e-03 2.424777e-01 4.514100e-01 -8.300406e-03 2.360319e-01 6.174857e-02 -5.988480e-04 6.445816e-03
298            5.134883e-01 -9.530089e-03 2.433796e-01 4.517762e-01 -8.924055e-03 2.368890e-01 6.171208e-02 -6.060339e-04 6.490523e-03
299            5.142426e-01 -1.035593e-02 2.443084e-01 4.525523e-01 -9.742289e-03 2.377549e-01 6.169032e-02 -6.136418e-04 6.553519e-03
300            5.155810e-01 -1.112150e-02 2.452162e-01 4.538817e-01 -1.052129e-02 2.386001e-01 6.169928e-02 -6.002048e-04 6.616093e-03
301            5.174665e-01 -1.218312e-02 2.460731e-01 4.557507e-01 -1.160139e-02 2.393757e-01 6.171587e-02 -5.817335e-04 6.697403e-03
302            5.199208e-01 -1.319590e-02 2.468462e-01 4.581738e-01 -1.264877e-02 2.400657e-01 6.174692e-02 -5.471306e-04 6.780498e-03
303            5.227681e-01 -1.433338e-02 2.474357e-01 4.610023e-01 -1.381690e-02 2.405505e-01 6.176580e-02 -5.164854e-04 6.885198e-03
304            5.258088e-01 -1.504680e-02 2.478167e-01 4.640290e-01 -1.457487e-02 2.408210e-01 6.177980e-02 -4.719245e-04 6.995688e-03
305            5.287216e-01 -1.532027e-02 2.480016e-01 4.669525e-01 -1.489392e-02 2.408800e-01 6.176912e-02 -4.263487e-04 7.121582e-03
306            5.312919e-01 -1.492593e-02 2.480682e-01 4.695608e-01 -1.455137e-02 2.408204e-01 6.173109e-02 -3.745578e-04 7.247852e-03
307            5.332973e-01 -1.403617e-02 2.481154e-01 4.716308e-01 -1.371334e-02 2.407435e-01 6.166652e-02 -3.228307e-04 7.371948e-03
308            5.346804e-01 -1.255284e-02 2.481968e-01 4.731019e-01 -1.228946e-02 2.407248e-01 6.157848e-02 -2.633839e-04 7.472061e-03
309            5.353982e-01 -1.098326e-02 2.484497e-01 4.739374e-01 -1.077118e-02 2.408949e-01 6.146088e-02 -2.120829e-04 7.554771e-03
310            5.356459e-01 -9.328478e-03 2.489841e-01 4.743147e-01 -9.170724e-03 2.413782e-01 6.133114e-02 -1.577543e-04 7.605945e-03
311            5.356261e-01 -7.792529e-03 2.497913e-01 4.744513e-01 -7.688859e-03 2.421611e-01 6.117483e-02 -1.036702e-04 7.630225e-03
312            5.355565e-01 -6.463050e-03 2.508774e-01 4.745560e-01 -6.413173e-03 2.432453e-01 6.100049e-02 -4.987770e-05 7.632050e-03
313            5.356483e-01 -5.596015e-03 2.522598e-01 4.748541e-01 -5.597774e-03 2.446413e-01 6.079420e-02 1.759169e-06 7.618482e-03
314            5.360868e-01 -5.101645e-03 2.539709e-01 4.755155e-01 -5.153580e-03 2.463808e-01 6.057131e-02 5.193451e-05 7.590193e-03
315            5.369646e-01 -5.071875e-03 2.560122e-01 4.766319e-01 -5.167166e-03 2.484577e-01 6.033272e-02 9.529062e-05 7.554492e-03
316            5.381810e-01 -5.483026e-03 2.583491e-01 4.780809e-01 -5.615864e-03 2.508381e-01 6.010008e-02 1.328374e-04 7.511013e-03
317            5.397323e-01 -6.183355e-03 2.607873e-01 4.798402e-01 -6.347478e-03 2.533237e-01 5.989215e-02 1.641230e-04 7.463653e-03
318            5.413630e-01 -7.006445e-03 2.630107e-01 4.816332e-01 -7.200355e-03 2.556024e-01 5.972980e-02 1.939097e-04 7.408274e-03
319            5.430365e-01 -7.941680e-03 2.650026e-01 4.834223e-01 -8.168222e-03 2.576579e-01 5.961417e-02 2.265418e-04 7.344691e-03
320            5.445877e-01 -8.838536e-03 2.665813e-01 4.850458e-01 -9.104689e-03 2.593130e-01 5.954191e-02 2.661525e-04 7.268317e-03
321            5.459371e-01 -9.514822e-03 2.677138e-01 4.864315e-01 -9.832286e-03 2.605357e-01 5.950555e-02 3.174640e-04 7.178097e-03
322            5.470709e-01 -9.946876e-03 2.684088e-01 4.875732e-01 -1.032793e-02 2.613309e-01 5.949770e-02 3.810540e-04 7.077866e-03
323            5.479055e-01 -1.009949e-02 2.686210e-01 4.883946e-01 -1.055611e-02 2.616497e-01 5.951093e-02 4.566216e-04 6.971290e-03
324            5.485099e-01 -9.899384e-03 2.684086e-01 4.889713e-01 -1.043776e-02 2.615495e-01 5.953859e-02 5.383716e-04 6.859112e-03
325            5.487238e-01 -9.490215e-03 2.676527e-01 4.891430e-01 -1.010843e-02 2.609072e-01 5.958077e-02 6.182151e-04 6.745563e-03
326            5.484503e-01 -8.891211e-03 2.663320e-01 4.888176e-01 -9.582384e-03 2.596979e-01 5.963269e-02 6.911730e-04 6.634107e-03
327            5.476596e-01 -8.304631e-03 2.647380e-01 4.879729e-01 -9.058028e-03 2.582065e-01 5.968672e-02 7.533968e-04 6.531434e-03
328            5.462790e-01 -7.618099e-03 2.623548e-01 4.865424e-01 -8.424855e-03 2.559231e-01 5.973661e-02 8.067557e-04 6.431611e-03
329            5.443212e-01 -6.861970e-03 2.595027e-01 4.845313e-01 -7.707269e-03 2.531614e-01 5.978995e-02 8.452983e-04 6.341259e-03
330            5.418816e-01 -6.058810e-03 2.563295e-01 4.820362e-01 -6.930350e-03 2.500641e-01 5.984532e-02 8.715399e-04 6.265447e-03
331            5.390674e-01 -5.239092e-03 2.529940e-01 4.791585e-01 -6.126502e-03 2.467919e-01 5.990886e-02 8.874106e-04 6.202107e-03
332            5.359826e-01 -4.371466e-03 2.495085e-01 4.760005e-01 -5.267726e-03 2.433599e-01 5.998209e-02 8.962596e-04 6.148595e-03
333            5.327700e-01 -3.509585e-03 2.460463e-01 4.727055e-01 -4.406533e-03 2.399412e-01 6.006453e-02 8.969480e-04 6.105089e-03
334            5.295540e-01 -2.612678e-03 2.427393e-01 4.694010e-01 -3.507544e-03 2.366732e-01 6.015304e-02 8.948658e-04 6.066081e-03
335            5.264067e-01 -1.744484e-03 2.397618e-01 4.661628e-01 -2.631023e-03 2.337217e-01 6.024397e-02 8.865392e-04 6.040097e-03
336            5.233722e-01 -7.960360e-04 2.372232e-01 4.630374e-01 -1.676353e-03 2.312065e-01 6.033477e-02 8.803171e-04 6.016670e-03
337            5.204449e-01 7.979459e-05 2.351553e-01 4.600195e-01 -7.849210e-04 2.291509e-01 6.042541e-02 8.647156e-04 6.004415e-03
338            5.177083e-01 1.039387e-03 2.335982e-01 4.571945e-01 1.863325e-04 2.276078e-01 6.051377e-02 8.530547e-04 5.990472e-03
339            5.152266e-01 1.938357e-03 2.324587e-01 4.546312e-01 1.108443e-03 2.264704e-01 6.059535e-02 8.299137e-04 5.988277e-03
340            5.130875e-01 2.952500e-03 2.318272e-01 4.524143e-01 2.143038e-03 2.258410e-01 6.067321e-02 8.094625e-04 5.986263e-03
341            5.113126e-01 3.860928e-03 2.315279e-01 4.505714e-01 3.083431e-03 2.255306e-01 6.074128e-02 7.774963e-04 5.997323e-03
342            5.099290e-01 4.803768e-03 2.315086e-01 4.491214e-01 4.056939e-03 2.254997e-01 6.080759e-02 7.468288e-04 6.008923e-03
343            5.089250e-01 5.548867e-03 2.316512e-01 4.480565e-01 4.840949e-03 2.256198e-01 6.086856e-02 7.079182e-04 6.031389e-03
344            5.083014e-01 6.259755e-03 2.318697e-01 4.473692e-01 5.588310e-03 2.258198e-01 6.093218e-02 6.714452e-04 6.049893e-03
345            5.080205e-01 6.658898e-03 2.322928e-01 4.470262e-01 6.028244e-03 2.262154e-01 6.099434e-02 6.306537e-04 6.077377e-03
346            5.080527e-01 6.946542e-03 2.328209e-01 4.469902e-01 6.350954e-03 2.267197e-01 6.106243e-02 5.955883e-04 6.101115e-03
347            5.083009e-01 6.840645e-03 2.334973e-01 4.471672e-01 6.290672e-03 2.273623e-01 6.113373e-02 5.499727e-04 6.134948e-03
348            5.088022e-01 6.648692e-03 2.342745e-01 4.475918e-01 6.135551e-03 2.281080e-01 6.121039e-02 5.131408e-04 6.166502e-03
349            5.095163e-01 6.144168e-03 2.350823e-01 4.482301e-01 5.675614e-03 2.288759e-01 6.128620e-02 4.685538e-04 6.206449e-03
350            5.104750e-01 5.653666e-03 2.359845e-01 4.491088e-01 5.222990e-03 2.297456e-01 6.136621e-02 4.306763e-04 6.238929e-03
351            5.116449e-01 4.950144e-03 2.370083e-01 4.502024e-01 4.566829e-03 2.307298e-01 6.144251e-02 3.833146e-04 6.278575e-03
352            5.129965e-01 4.380121e-03 2.381578e-01 4.514806e-01 4.034683e-03 2.318482e-01 6.151593e-02 3.454383e-04 6.309590e-03
353            5.143983e-01 3.759149e-03 2.392790e-01 4.528191e-01 3.460170e-03 2.329303e-01 6.157915e-02 2.989790e-04 6.348698e-03
354            5.159649e-01 3.373469e-03 2.406380e-01 4.543303e-01 3.108604e-03 2.342590e-01 6.163465e-02 2.648650e-04 6.378959e-03
355            5.175730e-01 2.882070e-03 2.421003e-01 4.559112e-01 2.662376e-03 2.356831e-01 6.166188e-02 2.196946e-04 6.417198e-03
356            5.192932e-01 2.718188e-03 2.436262e-01 4.576123e-01 2.527745e-03 2.371831e-01 6.168093e-02 1.904429e-04 6.443059e-03
357            5.210938e-01 2.441672e-03 2.452122e-01 4.594179e-01 2.289619e-03 2.387311e-01 6.167591e-02 1.520538e-04 6.481150e-03
358            5.230170e-01 2.424773e-03 2.467794e-01 4.613522e-01 2.292379e-03 2.402726e-01 6.166478e-02 1.323936e-04 6.506840e-03
359            5.249938e-01 2.297426e-03 2.482726e-01 4.633783e-01 2.197729e-03 2.417290e-01 6.161556e-02 9.969751e-05 6.543659e-03
360            5.270526e-01 2.344749e-03 2.495803e-01 4.654921e-01 2.264800e-03 2.430100e-01 6.156042e-02 7.994935e-05 6.570251e-03
361            5.291175e-01 2.143300e-03 2.506505e-01 4.676408e-01 2.094578e-03 2.440342e-01 6.147674e-02 4.872155e-05 6.616297e-03
362            5.312450e-01 2.011777e-03 2.514020e-01 4.698729e-01 1.976252e-03 2.447562e-01 6.137204e-02 3.552537e-05 6.645743e-03
363            5.333279e-01 1.583940e-03 2.518389e-01 4.720840e-01 1.565075e-03 2.451583e-01 6.124392e-02 1.886463e-05 6.680631e-03
364            5.351442e-01 1.326296e-03 2.520082e-01 4.740192e-01 1.292071e-03 2.453119e-01 6.112497e-02 3.422579e-05 6.696350e-03
365            5.362128e-01 8.726531e-04 2.519591e-01 4.752023e-01 8.120219e-04 2.452513e-01 6.101057e-02 6.063127e-05 6.707794e-03
366            5.363166e-01 5.745552e-04 2.515725e-01 4.753693e-01 4.594020e-04 2.448754e-01 6.094734e-02 1.151532e-04 6.697063e-03
367            5.354328e-01 1.422053e-04 2.506950e-01 4.745095e-01 -2.006883e-05 2.440110e-01 6.092333e-02 1.622741e-04 6.684045e-03
368            5.338633e-01 -1.361301e-04 2.493824e-01 4.729255e-01 -3.422106e-04 2.427314e-01 6.093776e-02 2.060805e-04 6.651063e-03
369            5.318092e-01 -6.034266e-04 2.478828e-01 4.708502e-01 -8.275348e-04 2.412669e-01 6.095902e-02 2.241082e-04 6.615882e-03
370            5.293597e-01 -9.253389e-04 2.463125e-01 4.683691e-01 -1.160191e-03 2.397458e-01 6.099066e-02 2.348517e-04 6.566759e-03
371            5.265694e-01 -1.038731e-03 2.446646e-01 4.655468e-01 -1.275329e-03 2.381542e-01 6.102262e-02 2.365978e-04 6.510359e-03
372            5.234409e-01 -9.614421e-04 2.430612e-01 4.623756e-01 -1.185295e-03 2.366022e-01 6.106532e-02 2.238531e-04 6.459004e-03
373            5.200987e-01 -5.629224e-04 2.415891e-01 4.589705e-01 -7.711828e-04 2.351833e-01 6.112815e-02 2.082604e-04 6.405844e-03
374            5.166215e-01 4.497526e-05 2.403619e-01 4.554212e-01 -1.395784e-04 2.340012e-01 6.120023e-02 1.845537e-04 6.360706e-03
375            5.131719e-01 8.248911e-04 2.394215e-01 4.518882e-01 6.662058e-04 2.331027e-01 6.128368e-02 1.586854e-04 6.318818e-03
376            5.098928e-01 1.581135e-03 2.386804e-01 4.485147e-01 1.453180e-03 2.323966e-01 6.137811e-02 1.279550e-04 6.283830e-03
377            5.069929e-01 2.264834e-03 2.381245e-01 4.455121e-01 2.169046e-03 2.318694e-01 6.148076e-02 9.578809e-05 6.255088e-03
378            5.045675e-01 2.811002e-03 2.377229e-01 4.429792e-01 2.755042e-03 2.314910e-01 6.158833e-02 5.596061e-05 6.231881e-03
379            5.027077e-01 3.231141e-03 2.374376e-01 4.410129e-01 3.219595e-03 2.312210e-01 6.169482e-02 1.154628e-05 6.216587e-03
380            5.014992e-01 3.449735e-03 2.373186e-01 4.397030e-01 3.490695e-03 2.311038e-01 6.179619e-02 -4.096041e-05 6.214837e-03
381            5.010245e-01 3.426319e-03 2.372181e-01 4.391359e-01 3.526226e-03 2.309918e-01 6.188855e-02 -9.990720e-05 6.226308e-03
382            5.012706e-01 3.095046e-03 2.372075e-01 4.393046e-01 3.258229e-03 2.309554e-01 6.196596e-02 -1.631837e-04 6.252129e-03
383            5.022437e-01 2.430476e-03 2.373784e-01 4.402188e-01 2.658397e-03 2.310882e-01 6.202495e-02 -2.279217e-04 6.290258e-03
384            5.038813e-01 1.554298e-03 2.376831e-01 4.418201e-01 1.837241e-03 2.313466e-01 6.206119e-02 -2.829432e-04 6.336434e-03
385            5.059546e-01 3.254919e-04 2.381588e-01 4.438832e-01 6.562488e-04 2.317610e-01 6.207138e-02 -3.307569e-04 6.397740e-03
386            5.082983e-01 -9.413708e-04 2.389800e-01 4.462304e-01 -5.867182e-04 2.325236e-01 6.206788e-02 -3.546526e-04 6.456414e-03
387            5.106876e-01 -2.385569e-03 2.400548e-01 4.486524e-01 -2.013168e-03 2.335259e-01 6.203517e-02 -3.724006e-04 6.528829e-03
388            5.130489e-01 -3.638665e-03 2.412682e-01 4.510624e-01 -3.273505e-03 2.346728e-01 6.198658e-02 -3.651604e-04 6.595448e-03
389            5.152152e-01 -4.824144e-03 2.427462e-01 4.533122e-01 -4.471419e-03 2.360750e-01 6.190300e-02 -3.527252e-04 6.671190e-03
390            5.171686e-01 -5.573958e-03 2.444971e-01 4.553603e-01 -5.256052e-03 2.377651e-01 6.180838e-02 -3.179058e-04 6.731995e-03
391            5.189083e-01 -6.270956e-03 2.463523e-01 4.572224e-01 -5.984237e-03 2.395612e-01 6.168582e-02 -2.867185e-04 6.791107e-03
392            5.205782e-01 -6.664589e-03 2.482413e-01 4.590261e-01 -6.420131e-03 2.414103e-01 6.155203e-02 -2.444579e-04 6.830964e-03
393            5.222783e-01 -6.853116e-03 2.502183e-01 4.608906e-01 -6.641927e-03 2.433497e-01 6.138766e-02 -2.111885e-04 6.868548e-03
394            5.241333e-01 -6.875671e-03 2.522077e-01 4.629225e-01 -6.695818e-03 2.453244e-01 6.121082e-02 -1.798537e-04 6.883338e-03
395            5.262528e-01 -6.829215e-03 2.541803e-01 4.652457e-01 -6.666130e-03 2.472870e-01 6.100714e-02 -1.630847e-04 6.893312e-03
396            5.286595e-01 -6.473805e-03 2.560743e-01 4.678647e-01 -6.327829e-03 2.491921e-01 6.079481e-02 -1.459762e-04 6.882169e-03
397            5.311489e-01 -6.213234e-03 2.578549e-01 4.705834e-01 -6.060529e-03 2.509893e-01 6.056553e-02 -1.527052e-04 6.865606e-03
398            5.335335e-01 -5.762112e-03 2.593562e-01 4.731852e-01 -5.599280e-03 2.525303e-01 6.034832e-02 -1.628321e-04 6.825955e-03
399            5.356395e-01 -5.397969e-03 2.604693e-01 4.754853e-01 -5.219156e-03 2.536945e-01 6.015425e-02 -1.788128e-04 6.774858e-03
400            5.371154e-01 -5.035971e-03 2.612646e-01 4.771104e-01 -4.855924e-03 2.545492e-01 6.000496e-02 -1.800467e-04 6.715435e-03
401            5.377255e-01 -4.747517e-03 2.617018e-01 4.778119e-01 -4.594474e-03 2.550584e-01 5.991363e-02 -1.530433e-04 6.643433e-03
402            5.375679e-01 -4.643255e-03 2.616285e-01 4.776762e-01 -4.539839e-03 2.550557e-01 5.989171e-02 -1.034154e-04 6.572789e-03
403            5.370101e-01 -4.765579e-03 2.608610e-01 4.770798e-01 -4.724082e-03 2.543552e-01 5.993030e-02 -4.149759e-05 6.505762e-03
404            5.361422e-01 -4.981909e-03 2.595062e-01 4.761433e-01 -5.008507e-03 2.530665e-01 5.999888e-02 2.659845e-05 6.439711e-03
405            5.349264e-01 -5.232898e-03 2.577473e-01 4.748466e-01 -5.324050e-03 2.513677e-01 6.007981e-02 9.115213e-05 6.379597e-03
406            5.332605e-01 -5.274171e-03 2.556305e-01 4.730883e-01 -5.423960e-03 2.493026e-01 6.017214e-02 1.497887e-04 6.327937e-03
407            5.310801e-01 -5.133466e-03 2.532700e-01 4.708075e-01 -5.333343e-03 2.469834e-01 6.027259e-02 1.998771e-04 6.286648e-03
408            5.284711e-01 -4.772026e-03 2.506890e-01 4.680863e-01 -5.014500e-03 2.444325e-01 6.038482e-02 2.424741e-04 6.256525e-03
409            5.256225e-01 -4.251600e-03 2.480109e-01 4.651232e-01 -4.529162e-03 2.417753e-01 6.049935e-02 2.775618e-04 6.235563e-03
410            5.227664e-01 -3.577821e-03 2.453086e-01 4.621518e-01 -3.889147e-03 2.390847e-01 6.061463e-02 3.113255e-04 6.223872e-03
411            5.198753e-01 -2.781507e-03 2.425363e-01 4.591573e-01 -3.117076e-03 2.363193e-01 6.071798e-02 3.355690e-04 6.217058e-03
412            5.171871e-01 -1.812585e-03 2.403225e-01 4.563710e-01 -2.171996e-03 2.341046e-01 6.081609e-02 3.594115e-04 6.217929e-03
413            5.148609e-01 -8.375666e-04 2.385029e-01 4.539646e-01 -1.211655e-03 2.322861e-01 6.089633e-02 3.740882e-04 6.216745e-03
414            5.130515e-01 3.049159e-04 2.369341e-01 4.520794e-01 -7.877070e-05 2.307221e-01 6.097209e-02 3.836866e-04 6.212036e-03
415            5.117501e-01 1.365130e-03 2.358860e-01 4.507223e-01 9.818927e-04 2.296757e-01 6.102775e-02 3.832369e-04 6.210297e-03
416            5.110330e-01 2.466763e-03 2.351544e-01 4.499463e-01 2.093182e-03 2.289515e-01 6.108669e-02 3.735807e-04 6.202939e-03
417            5.107852e-01 3.337986e-03 2.346866e-01 4.496500e-01 2.980177e-03 2.284770e-01 6.113516e-02 3.578094e-04 6.209610e-03
418            5.108713e-01 4.064792e-03 2.346585e-01 4.496843e-01 3.727389e-03 2.284436e-01 6.118708e-02 3.374032e-04 6.214913e-03
419            5.111580e-01 4.369616e-03 2.349842e-01 4.499297e-01 4.059685e-03 2.287450e-01 6.122834e-02 3.099311e-04 6.239233e-03
420            5.115851e-01 4.505865e-03 2.355127e-01 4.503054e-01 4.222163e-03 2.292558e-01 6.127971e-02 2.837025e-04 6.256958e-03
421            5.120876e-01 4.207526e-03 2.363312e-01 4.507562e-01 3.961921e-03 2.300475e-01 6.133143e-02 2.456054e-04 6.283689e-03
422            5.127093e-01 3.795780e-03 2.374536e-01 4.513231e-01 3.580276e-03 2.311542e-01 6.138617e-02 2.155035e-04 6.299448e-03
423            5.134323e-01 3.059855e-03 2.388806e-01 4.519991e-01 2.881878e-03 2.325601e-01 6.143324e-02 1.779769e-04 6.320531e-03
424            5.143166e-01 2.375082e-03 2.405057e-01 4.528452e-01 2.227271e-03 2.341799e-01 6.147145e-02 1.478108e-04 6.325816e-03
425            5.153867e-01 1.443866e-03 2.422275e-01 4.538928e-01 1.341262e-03 2.358930e-01 6.149396e-02 1.026039e-04 6.334512e-03
426            5.167429e-01 6.688213e-04 2.440941e-01 4.552266e-01 5.953765e-04 2.377697e-01 6.151630e-02 7.344481e-05 6.324428e-03
427            5.182578e-01 -2.299775e-04 2.461232e-01 4.567396e-01 -2.693746e-04 2.398038e-01 6.151817e-02 3.939711e-05 6.319423e-03
428            5.195824e-01 -8.112980e-04 2.482014e-01 4.580694e-01 -8.419162e-04 2.419076e-01 6.151303e-02 3.061821e-05 6.293850e-03
429            5.201413e-01 -1.406658e-03 2.500886e-01 4.586400e-01 -1.436667e-03 2.438190e-01 6.150132e-02 3.000887e-05 6.269624e-03
430            5.196325e-01 -1.651595e-03 2.514290e-01 4.581095e-01 -1.714108e-03 2.452024e-01 6.152293e-02 6.251233e-05 6.226633e-03
431            5.180111e-01 -1.911324e-03 2.520038e-01 4.564450e-01 -2.018975e-03 2.458182e-01 6.156614e-02 1.076511e-04 6.185598e-03
432            5.154286e-01 -2.040166e-03 2.517944e-01 4.537944e-01 -2.216220e-03 2.456518e-01 6.163421e-02 1.760537e-04 6.142673e-03
433            5.119523e-01 -2.098084e-03 2.509837e-01 4.502501e-01 -2.358144e-03 2.448831e-01 6.170218e-02 2.600608e-04 6.100638e-03
434            5.076284e-01 -2.086837e-03 2.498173e-01 4.458850e-01 -2.433668e-03 2.437506e-01 6.174337e-02 3.468315e-04 6.066638e-03
435            5.027452e-01 -1.802093e-03 2.484229e-01 4.409651e-01 -2.238673e-03 2.423854e-01 6.178006e-02 4.365800e-04 6.037571e-03
436            4.977100e-01 -1.267359e-03 2.469074e-01 4.359111e-01 -1.779154e-03 2.408832e-01 6.179890e-02 5.117942e-04 6.024242e-03
437            4.931616e-01 -4.406054e-04 2.455086e-01 4.313558e-01 -1.010434e-03 2.394806e-01 6.180587e-02 5.698287e-04 6.028011e-03
438            4.897675e-01 6.458776e-04 2.445148e-01 4.279797e-01 3.401280e-05 2.384649e-01 6.178776e-02 6.118648e-04 6.049913e-03
439            4.881669e-01 1.913508e-03 2.439961e-01 4.264243e-01 1.290402e-03 2.379068e-01 6.174257e-02 6.231058e-04 6.089263e-03
440            4.891001e-01 3.170297e-03 2.439494e-01 4.274273e-01 2.566687e-03 2.378070e-01 6.167283e-02 6.036105e-04 6.142365e-03
441            4.920686e-01 4.489707e-03 2.443559e-01 4.304653e-01 3.941257e-03 2.381494e-01 6.160331e-02 5.484497e-04 6.206484e-03
442            4.964825e-01 5.553956e-03 2.453548e-01 4.349625e-01 5.083975e-03 2.390695e-01 6.151999e-02 4.699812e-04 6.285341e-03
443            5.011929e-01 6.394843e-03 2.468401e-01 4.397641e-01 6.011165e-03 2.404675e-01 6.142871e-02 3.836777e-04 6.372641e-03
444            5.063245e-01 6.476347e-03 2.486416e-01 4.450142e-01 6.181726e-03 2.421670e-01 6.131030e-02 2.946205e-04 6.474513e-03
445            5.112405e-01 6.230479e-03 2.507766e-01 4.500706e-01 6.010022e-03 2.442002e-01 6.116991e-02 2.204570e-04 6.576385e-03
446            5.155055e-01 5.750065e-03 2.529470e-01 4.544984e-01 5.591060e-03 2.462798e-01 6.100705e-02 1.590058e-04 6.667142e-03
447            5.190367e-01 5.064470e-03 2.551880e-01 4.582053e-01 4.959726e-03 2.484473e-01 6.083134e-02 1.047436e-04 6.740736e-03
448            5.220241e-01 4.445204e-03 2.575002e-01 4.613750e-01 4.377861e-03 2.507240e-01 6.064909e-02 6.734308e-05 6.776170e-03
449            5.245378e-01 3.664206e-03 2.598739e-01 4.640765e-01 3.639392e-03 2.530834e-01 6.046121e-02 2.481415e-05 6.790565e-03
450            5.265867e-01 2.929208e-03 2.622008e-01 4.663076e-01 2.944603e-03 2.554261e-01 6.027910e-02 -1.539495e-05 6.774647e-03
451            5.281847e-01 2.226052e-03 2.642820e-01 4.680763e-01 2.277251e-03 2.575410e-01 6.010840e-02 -5.119922e-05 6.741018e-03
452            5.292633e-01 1.617170e-03 2.660089e-01 4.693182e-01 1.701831e-03 2.593218e-01 5.994506e-02 -8.466057e-05 6.687142e-03
453            5.296669e-01 1.259480e-03 2.671579e-01 4.698451e-01 1.365817e-03 2.605383e-01 5.982186e-02 -1.063367e-04 6.619617e-03
454            5.292894e-01 1.237456e-03 2.675709e-01 4.695522e-01 1.351791e-03 2.610329e-01 5.973716e-02 -1.143353e-04 6.538064e-03
455            5.279837e-01 1.736849e-03 2.671607e-01 4.682931e-01 1.846005e-03 2.607162e-01 5.969063e-02 -1.091559e-04 6.444530e-03
456            5.257038e-01 2.633452e-03 2.658780e-01 4.660115e-01 2.737934e-03 2.595323e-01 5.969235e-02 -1.044818e-04 6.345653e-03
457            5.225857e-01 3.651881e-03 2.637464e-01 4.628507e-01 3.764600e-03 2.575036e-01 5.973492e-02 -1.127187e-04 6.242810e-03
458            5.191220e-01 4.480330e-03 2.609710e-01 4.592961e-01 4.628227e-03 2.548174e-01 5.982590e-02 -1.478977e-04 6.153527e-03
459            5.159146e-01 4.949113e-03 2.577645e-01 4.559446e-01 5.151915e-03 2.516865e-01 5.996998e-02 -2.028023e-04 6.077978e-03
460            5.133598e-01 4.872499e-03 2.544200e-01 4.532272e-01 5.151957e-03 2.483918e-01 6.013268e-02 -2.794588e-04 6.028195e-03
461            5.115740e-01 4.143720e-03 2.512020e-01 4.512725e-01 4.511963e-03 2.451963e-01 6.030147e-02 -3.682427e-04 6.005678e-03
462            5.104975e-01 2.731917e-03 2.483874e-01 4.500344e-01 3.189810e-03 2.423736e-01 6.046306e-02 -4.578934e-04 6.013824e-03
463            5.099853e-01 8.794917e-04 2.461185e-01 4.493725e-01 1.407190e-03 2.400776e-01 6.061272e-02 -5.276983e-04 6.040964e-03
464            5.098885e-01 -1.262887e-03 2.444383e-01 4.491454e-01 -6.860373e-04 2.383530e-01 6.074305e-02 -5.768496e-04 6.085330e-03
465            5.101537e-01 -3.324490e-03 2.433042e-01 4.493053e-01 -2.729223e-03 2.371731e-01 6.084837e-02 -5.952667e-04 6.131050e-03
466            5.106896e-01 -5.236565e-03 2.426454e-01 4.497676e-01 -4.643421e-03 2.364580e-01 6.092202e-02 -5.931437e-04 6.187347e-03
467            5.113963e-01 -6.912678e-03 2.423940e-01 4.504258e-01 -6.355316e-03 2.361577e-01 6.097058e-02 -5.573618e-04 6.236301e-03
468            5.121157e-01 -8.041721e-03 2.424808e-01 4.511215e-01 -7.546977e-03 2.362081e-01 6.099415e-02 -4.947439e-04 6.272725e-03
469            5.126989e-01 -8.660387e-03 2.428612e-01 4.517005e-01 -8.243217e-03 2.365587e-01 6.099837e-02 -4.171702e-04 6.302531e-03
470            5.130818e-01 -8.510666e-03 2.434814e-01 4.520873e-01 -8.179616e-03 2.371651e-01 6.099452e-02 -3.310509e-04 6.316297e-03
471            5.132556e-01 -7.645092e-03 2.441525e-01 4.522783e-01 -7.389682e-03 2.378315e-01 6.097735e-02 -2.554095e-04 6.321037e-03
472            5.133699e-01 -6.259064e-03 2.448451e-01 4.524153e-01 -6.058146e-03 2.385185e-01 6.095458e-02 -2.009185e-04 6.326636e-03
473            5.137699e-01 -4.422947e-03 2.455203e-01 4.528290e-01 -4.268129e-03 2.392003e-01 6.094096e-02 -1.548178e-04 6.320007e-03
474            5.147037e-01 -2.613557e-03 2.461490e-01 4.537772e-01 -2.483347e-03 2.398298e-01 6.092644e-02 -1.302096e-04 6.319198e-03
475            5.163158e-01 -8.374795e-04 2.466786e-01 4.553922e-01 -7.352734e-04 2.403700e-01 6.092361e-02 -1.022061e-04 6.308519e-03
476            5.184659e-01 3.536521e-04 2.471555e-01 4.575471e-01 4.410095e-04 2.408504e-01 6.091877e-02 -8.735734e-05 6.305138e-03
477            5.209301e-01 1.037975e-03 2.476068e-01 4.600081e-01 1.107854e-03 2.413168e-01 6.092199e-02 -6.987845e-05 6.289945e-03
478            5.234054e-01 9.060119e-04 2.480836e-01 4.624728e-01 9.813783e-04 2.418069e-01 6.093260e-02 -7.536643e-05 6.276760e-03
479            5.255658e-01 3.616554e-04 2.486144e-01 4.646074e-01 4.578810e-04 2.423597e-01 6.095849e-02 -9.622556e-05 6.254719e-03
480            5.270312e-01 -4.299241e-04 2.491837e-01 4.660393e-01 -2.879069e-04 2.429476e-01 6.099188e-02 -1.420173e-04 6.236057e-03
481            5.275694e-01 -9.812956e-04 2.497334e-01 4.665297e-01 -7.865306e-04 2.435206e-01 6.103976e-02 -1.947650e-04 6.212838e-03
482            5.269371e-01 -1.304978e-03 2.500769e-01 4.658342e-01 -1.035594e-03 2.438815e-01 6.110298e-02 -2.693835e-04 6.195412e-03
483            5.249114e-01 -1.355972e-03 2.499654e-01 4.637099e-01 -1.009031e-03 2.437994e-01 6.120148e-02 -3.469409e-04 6.166042e-03
484            5.213623e-01 -1.247126e-03 2.493063e-01 4.600413e-01 -8.135370e-04 2.431675e-01 6.132104e-02 -4.335886e-04 6.138838e-03
485            5.163884e-01 -9.144706e-04 2.481749e-01 4.549409e-01 -4.007542e-04 2.420748e-01 6.144750e-02 -5.137164e-04 6.100135e-03
486            5.102676e-01 -4.783985e-04 2.467215e-01 4.487208e-01 1.167628e-04 2.406575e-01 6.154683e-02 -5.951614e-04 6.064036e-03
487            5.035369e-01 1.879105e-04 2.449961e-01 4.419213e-01 8.443451e-04 2.389711e-01 6.161563e-02 -6.564346e-04 6.025002e-03
488            4.968841e-01 6.939574e-04 2.431995e-01 4.352329e-01 1.397069e-03 2.371950e-01 6.165128e-02 -7.031113e-04 6.004521e-03
489            4.912218e-01 1.140514e-03 2.415452e-01 4.295610e-01 1.857588e-03 2.355527e-01 6.166079e-02 -7.170736e-04 5.992476e-03
490            4.872981e-01 1.157920e-03 2.402664e-01 4.256572e-01 1.880455e-03 2.342582e-01 6.164095e-02 -7.225356e-04 6.008156e-03
491            4.860331e-01 1.049976e-03 2.394434e-01 4.244324e-01 1.752450e-03 2.334049e-01 6.160066e-02 -7.024746e-04 6.038450e-03
492            4.872715e-01 2.852942e-04 2.391770e-01 4.257188e-01 9.595830e-04 2.330812e-01 6.155264e-02 -6.742888e-04 6.095752e-03
493            4.902560e-01 -8.447328e-04 2.397124e-01 4.287531e-01 -2.144470e-04 2.335505e-01 6.150290e-02 -6.302858e-04 6.161889e-03
494            4.948615e-01 -2.233104e-03 2.408907e-01 4.334198e-01 -1.645342e-03 2.346550e-01 6.144165e-02 -5.877618e-04 6.235707e-03
495            5.001464e-01 -3.624299e-03 2.425774e-01 4.387770e-01 -3.091646e-03 2.362719e-01 6.136937e-02 -5.326531e-04 6.305528e-03
496            5.052243e-01 -5.122094e-03 2.447407e-01 4.439384e-01 -4.651009e-03 2.383508e-01 6.128592e-02 -4.710848e-04 6.389829e-03
497            5.097796e-01 -6.296199e-03 2.474389e-01 4.485869e-01 -5.908711e-03 2.409686e-01 6.119265e-02 -3.874873e-04 6.470294e-03
498            5.136119e-01 -7.079610e-03 2.503345e-01 4.525364e-01 -6.795584e-03 2.437901e-01 6.107554e-02 -2.840263e-04 6.544432e-03
499            5.166820e-01 -7.527598e-03 2.534065e-01 4.557497e-01 -7.356698e-03 2.468053e-01 6.093229e-02 -1.709003e-04 6.601187e-03
500            5.190593e-01 -7.547337e-03 2.564758e-01 4.582881e-01 -7.500809e-03 2.498526e-01 6.077123e-02 -4.652765e-05 6.623154e-03
