# Moment      
# CofR        : (-1.000000e+01 0.000000e+00 0.000000e+00)
#
# Time        	total_x total_y total_z	pressure_x pressure_y pressure_z	viscous_x viscous_y viscous_z
1              -9.700174e-03 -1.934354e+02 6.286406e-02 -9.702234e-03 -1.934581e+02 6.303586e-02 2.060232e-06 2.265986e-02 -1.718037e-04
2              -6.925803e-03 -6.154888e+01 1.100448e+00 -7.120858e-03 -6.050511e+01 1.099213e+00 1.950557e-04 -1.043772e+00 1.234807e-03
3              -9.738955e-03 -3.988699e+02 3.439159e+00 -1.006417e-02 -3.995652e+02 3.445828e+00 3.252116e-04 6.953246e-01 -6.669303e-03
4              -7.796725e-03 -1.526097e+02 3.307957e+00 -7.906894e-03 -1.529274e+02 3.304230e+00 1.101686e-04 3.177112e-01 3.726667e-03
5              2.441714e-02 -8.778119e+01 -3.122777e-01 2.430493e-02 -8.792107e+01 -3.182675e-01 1.122095e-04 1.398752e-01 5.989862e-03
6              2.063697e-02 -7.290715e+01 7.186470e-01 2.057564e-02 -7.308890e+01 6.991657e-01 6.132691e-05 1.817480e-01 1.948133e-02
7              1.620995e-02 -8.226396e+01 9.471176e-01 1.618886e-02 -8.246139e+01 9.246384e-01 2.108862e-05 1.974324e-01 2.247921e-02
8              5.182778e-03 -6.883770e+01 2.084459e+00 5.100577e-03 -6.880447e+01 2.072802e+00 8.220150e-05 -3.322542e-02 1.165679e-02
9              -4.406126e-03 -4.089986e+01 2.730880e+00 -4.692059e-03 -4.076342e+01 2.728596e+00 2.859332e-04 -1.364418e-01 2.283932e-03
10             -1.069782e-02 3.238337e+00 2.487621e+00 -1.098415e-02 3.355704e+00 2.474505e+00 2.863288e-04 -1.173663e-01 1.311610e-02
11             -9.326197e-03 4.138223e+01 7.314344e-01 -9.963019e-03 4.132895e+01 7.578755e-01 6.368220e-04 5.328149e-02 -2.644113e-02
12             -7.606057e-03 6.810849e+01 -9.594762e-01 -8.345398e-03 6.768733e+01 -9.151971e-01 7.393409e-04 4.211579e-01 -4.427908e-02
13             -7.244083e-04 7.987435e+01 -2.623190e+00 -1.438880e-03 7.913971e+01 -2.579672e+00 7.144713e-04 7.346346e-01 -4.351834e-02
14             5.987661e-03 8.075345e+01 -3.797545e+00 5.134974e-03 7.989063e+01 -3.721676e+00 8.526870e-04 8.628120e-01 -7.586853e-02
15             1.462243e-02 7.613562e+01 -4.725359e+00 1.389335e-02 7.531519e+01 -4.661690e+00 7.290744e-04 8.204303e-01 -6.366909e-02
16             2.454184e-02 6.961326e+01 -5.989502e+00 2.367551e-02 6.897151e+01 -5.903350e+00 8.663272e-04 6.417555e-01 -8.615206e-02
17             3.111531e-02 6.328482e+01 -6.659550e+00 3.037657e-02 6.281260e+01 -6.596834e+00 7.387377e-04 4.722255e-01 -6.271526e-02
18             3.139340e-02 5.700198e+01 -6.511636e+00 3.079402e-02 5.664606e+01 -6.471658e+00 5.993745e-04 3.559165e-01 -3.997739e-02
19             2.717398e-02 5.052228e+01 -5.662528e+00 2.679152e-02 5.020678e+01 -5.659885e+00 3.824560e-04 3.154950e-01 -2.643314e-03
20             2.325926e-02 4.213209e+01 -4.901329e+00 2.300760e-02 4.184202e+01 -4.907734e+00 2.516519e-04 2.900744e-01 6.404630e-03
21             2.064579e-02 3.149665e+01 -4.131016e+00 2.037582e-02 3.123748e+01 -4.143856e+00 2.699761e-04 2.591740e-01 1.283997e-02
22             1.884992e-02 2.028331e+01 -3.345819e+00 1.854364e-02 2.007614e+01 -3.359330e+00 3.062808e-04 2.071651e-01 1.351036e-02
23             1.666519e-02 1.029196e+01 -2.623253e+00 1.643690e-02 1.012600e+01 -2.646575e+00 2.282855e-04 1.659582e-01 2.332253e-02
24             1.416145e-02 3.920473e+00 -2.070887e+00 1.397206e-02 3.797685e+00 -2.095029e+00 1.893855e-04 1.227877e-01 2.414267e-02
25             9.604794e-03 -6.474889e-02 -1.285039e+00 9.476290e-03 -1.507597e-01 -1.310704e+00 1.285046e-04 8.601080e-02 2.566571e-02
26             4.068661e-03 -2.433311e+00 -4.850309e-01 3.902444e-03 -2.493196e+00 -4.978087e-01 1.662173e-04 5.988598e-02 1.277781e-02
27             -1.074407e-03 -3.443273e+00 1.883899e-01 -1.250358e-03 -3.483491e+00 1.812581e-01 1.759509e-04 4.021767e-02 7.131848e-03
28             -5.383834e-03 -3.508090e+00 6.595768e-01 -5.614651e-03 -3.539226e+00 6.668625e-01 2.308169e-04 3.113524e-02 -7.285725e-03
29             -8.177788e-03 -2.889412e+00 8.913209e-01 -8.404158e-03 -2.915208e+00 8.998112e-01 2.263700e-04 2.579567e-02 -8.490299e-03
30             -9.843936e-03 -2.210412e+00 1.015718e+00 -1.008714e-02 -2.224797e+00 1.023895e+00 2.432070e-04 1.438476e-02 -8.176596e-03
31             -1.048012e-02 -1.456122e+00 1.137547e+00 -1.068406e-02 -1.459878e+00 1.136186e+00 2.039475e-04 3.756165e-03 1.361797e-03
32             -9.841902e-03 -9.303304e-01 1.197052e+00 -1.003479e-02 -9.180701e-01 1.190047e+00 1.928875e-04 -1.226037e-02 7.005666e-03
33             -8.608202e-03 -4.476885e-01 1.237291e+00 -8.761373e-03 -4.247157e-01 1.223690e+00 1.531710e-04 -2.297281e-02 1.360067e-02
34             -6.486636e-03 -4.729882e-01 1.138061e+00 -6.651455e-03 -4.353995e-01 1.124278e+00 1.648191e-04 -3.758868e-02 1.378337e-02
35             -3.129398e-03 -8.345794e-01 7.428398e-01 -3.285413e-03 -7.895360e-01 7.328776e-01 1.560153e-04 -4.504340e-02 9.962171e-03
36             7.811490e-04 -1.611008e+00 9.804402e-02 5.924251e-04 -1.561389e+00 9.697928e-02 1.887240e-04 -4.961894e-02 1.064736e-03
37             4.210865e-03 -2.503360e+00 -6.372009e-01 4.011613e-03 -2.453777e+00 -6.254855e-01 1.992522e-04 -4.958290e-02 -1.171544e-02
38             6.162448e-03 -3.335843e+00 -1.283647e+00 5.913948e-03 -3.287497e+00 -1.256109e+00 2.484994e-04 -4.834603e-02 -2.753804e-02
39             6.304932e-03 -3.913402e+00 -1.709283e+00 6.041500e-03 -3.865494e+00 -1.667853e+00 2.634320e-04 -4.790842e-02 -4.143010e-02
40             5.037539e-03 -4.120150e+00 -1.856557e+00 4.748954e-03 -4.071514e+00 -1.803447e+00 2.885844e-04 -4.863598e-02 -5.311048e-02
41             3.363072e-03 -4.013212e+00 -1.786396e+00 3.077136e-03 -3.964230e+00 -1.725597e+00 2.859351e-04 -4.898176e-02 -6.079983e-02
42             1.954306e-03 -3.684979e+00 -1.585193e+00 1.678203e-03 -3.633147e+00 -1.520932e+00 2.761033e-04 -5.183191e-02 -6.426068e-02
43             9.828228e-04 -3.366050e+00 -1.311200e+00 7.335061e-04 -3.311894e+00 -1.245258e+00 2.493167e-04 -5.415609e-02 -6.594181e-02
44             3.651957e-04 -3.111033e+00 -1.004705e+00 1.385399e-04 -3.053942e+00 -9.387384e-01 2.266557e-04 -5.709158e-02 -6.596691e-02
45             -1.338623e-04 -3.007112e+00 -6.906044e-01 -3.294782e-04 -2.947637e+00 -6.267586e-01 1.956158e-04 -5.947476e-02 -6.384581e-02
46             -5.816432e-04 -2.959625e+00 -3.882153e-01 -7.499507e-04 -2.898839e+00 -3.283187e-01 1.683075e-04 -6.078618e-02 -5.989655e-02
47             -8.943771e-04 -2.885153e+00 -1.215526e-01 -1.031886e-03 -2.824429e+00 -6.614738e-02 1.375090e-04 -6.072377e-02 -5.540526e-02
48             -1.347963e-03 -2.836486e+00 1.353871e-01 -1.460447e-03 -2.776828e+00 1.862571e-01 1.124846e-04 -5.965789e-02 -5.087002e-02
49             -1.692010e-03 -2.821665e+00 3.196974e-01 -1.779683e-03 -2.763722e+00 3.660819e-01 8.767363e-05 -5.794347e-02 -4.638450e-02
50             -2.038567e-03 -2.932147e+00 4.571124e-01 -2.102745e-03 -2.875885e+00 4.993001e-01 6.417857e-05 -5.626204e-02 -4.218763e-02
51             -2.418241e-03 -3.157945e+00 5.674559e-01 -2.457406e-03 -3.102662e+00 6.054714e-01 3.916499e-05 -5.528296e-02 -3.801545e-02
52             -2.796193e-03 -3.437770e+00 6.590895e-01 -2.811263e-03 -3.381974e+00 6.925819e-01 1.507056e-05 -5.579572e-02 -3.349240e-02
53             -3.151285e-03 -3.726349e+00 7.426294e-01 -3.145640e-03 -3.668915e+00 7.714109e-01 -5.645714e-06 -5.743471e-02 -2.878154e-02
54             -3.473777e-03 -3.983324e+00 8.240550e-01 -3.449004e-03 -3.923026e+00 8.476883e-01 -2.477354e-05 -6.029783e-02 -2.363334e-02
55             -3.711484e-03 -4.104309e+00 8.905579e-01 -3.670379e-03 -4.040918e+00 9.089910e-01 -4.110511e-05 -6.339036e-02 -1.843308e-02
56             -4.151400e-03 -4.313110e+00 9.990063e-01 -4.092032e-03 -4.246591e+00 1.011630e+00 -5.936798e-05 -6.651950e-02 -1.262392e-02
57             -4.633026e-03 -4.448064e+00 1.106724e+00 -4.553373e-03 -4.379437e+00 1.113316e+00 -7.965260e-05 -6.862626e-02 -6.591590e-03
58             -5.135141e-03 -4.546129e+00 1.208404e+00 -5.035487e-03 -4.476095e+00 1.208862e+00 -9.965445e-05 -7.003444e-02 -4.583439e-04
59             -5.561287e-03 -4.613999e+00 1.285841e+00 -5.442894e-03 -4.543710e+00 1.280804e+00 -1.183931e-04 -7.028847e-02 5.036938e-03
60             -5.842877e-03 -4.637793e+00 1.324707e+00 -5.711310e-03 -4.567210e+00 1.315163e+00 -1.315674e-04 -7.058377e-02 9.543677e-03
61             -5.928236e-03 -4.605071e+00 1.315496e+00 -5.785108e-03 -4.534736e+00 1.302256e+00 -1.431276e-04 -7.033446e-02 1.324061e-02
62             -5.783220e-03 -4.510958e+00 1.254824e+00 -5.634245e-03 -4.440759e+00 1.238826e+00 -1.489751e-04 -7.019895e-02 1.599779e-02
63             -5.422128e-03 -4.353771e+00 1.147731e+00 -5.270776e-03 -4.283911e+00 1.130003e+00 -1.513525e-04 -6.986017e-02 1.772772e-02
64             -4.864544e-03 -4.143265e+00 1.002786e+00 -4.715560e-03 -4.073824e+00 9.842003e-01 -1.489844e-04 -6.944068e-02 1.858610e-02
65             -4.204810e-03 -3.891620e+00 8.371581e-01 -4.059187e-03 -3.822740e+00 8.184363e-01 -1.456233e-04 -6.887980e-02 1.872176e-02
66             -3.510972e-03 -3.607373e+00 6.686258e-01 -3.370834e-03 -3.539315e+00 6.502612e-01 -1.401380e-04 -6.805826e-02 1.836464e-02
67             -2.870737e-03 -3.323944e+00 5.131389e-01 -2.735324e-03 -3.256648e+00 4.954324e-01 -1.354130e-04 -6.729670e-02 1.770647e-02
68             -2.273178e-03 -3.011275e+00 3.738529e-01 -2.144675e-03 -2.944787e+00 3.570511e-01 -1.285028e-04 -6.648819e-02 1.680171e-02
69             -1.833503e-03 -2.785231e+00 2.702109e-01 -1.711431e-03 -2.719148e+00 2.542957e-01 -1.220713e-04 -6.608311e-02 1.591520e-02
70             -1.489625e-03 -2.636963e+00 1.926912e-01 -1.375026e-03 -2.570964e+00 1.776680e-01 -1.145987e-04 -6.599853e-02 1.502322e-02
71             -1.228736e-03 -2.561588e+00 1.356236e-01 -1.119841e-03 -2.495370e+00 1.213034e-01 -1.088956e-04 -6.621801e-02 1.432025e-02
72             -9.856287e-04 -2.547723e+00 8.812801e-02 -8.837158e-04 -2.480792e+00 7.455990e-02 -1.019129e-04 -6.693029e-02 1.356811e-02
73             -7.584569e-04 -2.576987e+00 4.814713e-02 -6.617501e-04 -2.509102e+00 3.519890e-02 -9.670684e-05 -6.788464e-02 1.294823e-02
74             -5.168058e-04 -2.631464e+00 1.131329e-02 -4.261348e-04 -2.562238e+00 -9.568338e-04 -9.067094e-05 -6.922606e-02 1.227012e-02
75             -2.887834e-04 -2.692430e+00 -1.944041e-02 -2.032152e-04 -2.621712e+00 -3.105339e-02 -8.556816e-05 -7.071716e-02 1.161298e-02
76             -6.827388e-05 -2.735657e+00 -4.400988e-02 1.185414e-05 -2.663384e+00 -5.497802e-02 -8.012803e-05 -7.227229e-02 1.096814e-02
77             1.044084e-04 -2.739896e+00 -5.809188e-02 1.806655e-04 -2.666441e+00 -6.856433e-02 -7.625705e-05 -7.345421e-02 1.047245e-02
78             2.370649e-04 -2.690329e+00 -6.309411e-02 3.086750e-04 -2.616145e+00 -7.307146e-02 -7.161016e-05 -7.418341e-02 9.977346e-03
79             3.012533e-04 -2.587522e+00 -5.753187e-02 3.693254e-04 -2.513259e+00 -6.709518e-02 -6.807219e-05 -7.426307e-02 9.563310e-03
80             3.135973e-04 -2.447241e+00 -4.553961e-02 3.768965e-04 -2.373499e+00 -5.458429e-02 -6.329914e-05 -7.374176e-02 9.044683e-03
81             2.548285e-04 -2.309746e+00 -2.620113e-02 3.140781e-04 -2.236905e+00 -3.468850e-02 -5.924958e-05 -7.284117e-02 8.487367e-03
82             1.526847e-04 -2.182374e+00 -6.399742e-03 2.073222e-04 -2.110707e+00 -1.417524e-02 -5.463744e-05 -7.166762e-02 7.775502e-03
83             2.268386e-05 -2.092002e+00 1.257118e-02 7.207578e-05 -2.021385e+00 5.603854e-03 -4.939192e-05 -7.061646e-02 6.967328e-03
84             -1.220773e-04 -2.045195e+00 3.011206e-02 -7.805205e-05 -1.975662e+00 2.399565e-02 -4.402524e-05 -6.953279e-02 6.116412e-03
85             -2.598505e-04 -2.036836e+00 4.501224e-02 -2.216597e-04 -1.968143e+00 3.974112e-02 -3.819078e-05 -6.869378e-02 5.271117e-03
86             -3.929561e-04 -2.057391e+00 5.839796e-02 -3.601153e-04 -1.989562e+00 5.389128e-02 -3.284084e-05 -6.782880e-02 4.506681e-03
87             -4.826556e-04 -2.097746e+00 6.654628e-02 -4.560594e-04 -2.030472e+00 6.280823e-02 -2.659618e-05 -6.727419e-02 3.738050e-03
88             -5.407961e-04 -2.149622e+00 7.105086e-02 -5.196587e-04 -2.082970e+00 6.797438e-02 -2.113736e-05 -6.665230e-02 3.076486e-03
89             -5.620512e-04 -2.203404e+00 7.134351e-02 -5.464814e-04 -2.137206e+00 6.891549e-02 -1.556982e-05 -6.619753e-02 2.428020e-03
90             -5.259868e-04 -2.249137e+00 6.491730e-02 -5.171845e-04 -2.183400e+00 6.322651e-02 -8.802266e-06 -6.573670e-02 1.690792e-03
91             -4.596699e-04 -2.280152e+00 5.524625e-02 -4.570765e-04 -2.214937e+00 5.425040e-02 -2.593463e-06 -6.521503e-02 9.958510e-04
92             -3.414757e-04 -2.282040e+00 3.781439e-02 -3.457057e-04 -2.217439e+00 3.755663e-02 4.230051e-06 -6.460120e-02 2.577688e-04
93             -2.056245e-04 -2.261140e+00 1.765227e-02 -2.157780e-04 -2.197324e+00 1.808045e-02 1.015345e-05 -6.381530e-02 -4.281772e-04
94             -5.396102e-05 -2.223378e+00 -5.034596e-03 -7.048468e-05 -2.160432e+00 -3.871034e-03 1.652366e-05 -6.294586e-02 -1.163561e-03
95             8.021316e-05 -2.181875e+00 -2.630050e-02 5.857456e-05 -2.119850e+00 -2.448131e-02 2.163860e-05 -6.202463e-02 -1.819187e-03
96             1.896995e-04 -2.142874e+00 -4.392466e-02 1.635993e-04 -2.081713e+00 -4.151130e-02 2.610020e-05 -6.116179e-02 -2.413357e-03
97             2.466786e-04 -2.116153e+00 -5.362786e-02 2.175898e-04 -2.055714e+00 -5.075921e-02 2.908880e-05 -6.043926e-02 -2.868653e-03
98             2.712233e-04 -2.105904e+00 -5.683914e-02 2.396795e-04 -2.045940e+00 -5.361193e-02 3.154379e-05 -5.996412e-02 -3.227211e-03
99             2.470958e-04 -2.111465e+00 -5.156044e-02 2.150579e-04 -2.051768e+00 -4.821759e-02 3.203792e-05 -5.969716e-02 -3.342850e-03
100            1.919024e-04 -2.129472e+00 -4.044786e-02 1.604531e-04 -2.069860e+00 -3.713323e-02 3.144930e-05 -5.961254e-02 -3.314625e-03
101            1.305620e-04 -2.157076e+00 -2.787162e-02 9.986897e-05 -2.097271e+00 -2.465773e-02 3.069308e-05 -5.980540e-02 -3.213884e-03
102            6.781241e-05 -2.186794e+00 -1.535661e-02 3.885013e-05 -2.126753e+00 -1.233118e-02 2.896228e-05 -6.004100e-02 -3.025436e-03
103            2.656001e-05 -2.213351e+00 -6.757788e-03 -7.929819e-07 -2.152966e+00 -3.917967e-03 2.735299e-05 -6.038458e-02 -2.839820e-03
104            5.807490e-06 -2.230997e+00 -2.243607e-03 -1.937356e-05 -2.170340e+00 3.955328e-04 2.518105e-05 -6.065759e-02 -2.639140e-03
105            2.413830e-05 -2.236664e+00 -4.087750e-03 7.587503e-07 -2.175710e+00 -1.589842e-03 2.337955e-05 -6.095382e-02 -2.497909e-03
106            5.723190e-05 -2.231796e+00 -9.606055e-03 3.662218e-05 -2.170655e+00 -7.283039e-03 2.060972e-05 -6.114085e-02 -2.323015e-03
107            1.208655e-04 -2.221012e+00 -1.993632e-02 1.025711e-04 -2.159612e+00 -1.772413e-02 1.829439e-05 -6.139926e-02 -2.212192e-03
108            1.785160e-04 -2.210568e+00 -3.026932e-02 1.637943e-04 -2.148954e+00 -2.826398e-02 1.472173e-05 -6.161425e-02 -2.005337e-03
109            2.486788e-04 -2.207648e+00 -4.185335e-02 2.362908e-04 -2.145723e+00 -3.993987e-02 1.238795e-05 -6.192575e-02 -1.913485e-03
110            2.872498e-04 -2.217955e+00 -4.925675e-02 2.782648e-04 -2.155788e+00 -4.754732e-02 8.985049e-06 -6.216728e-02 -1.709425e-03
111            3.089074e-04 -2.243186e+00 -5.343601e-02 3.025745e-04 -2.180695e+00 -5.190349e-02 6.332864e-06 -6.249033e-02 -1.532517e-03
112            2.838053e-04 -2.283452e+00 -5.089089e-02 2.812694e-04 -2.220753e+00 -4.967235e-02 2.535875e-06 -6.269978e-02 -1.218541e-03
113            2.346324e-04 -2.333691e+00 -4.384173e-02 2.350568e-04 -2.270700e+00 -4.293674e-02 -4.243563e-07 -6.299092e-02 -9.049922e-04
114            1.427739e-04 -2.388665e+00 -3.059710e-02 1.476533e-04 -2.325488e+00 -3.019915e-02 -4.879419e-06 -6.317607e-02 -3.979555e-04
115            2.168181e-05 -2.441401e+00 -1.284560e-02 3.133100e-05 -2.378107e+00 -1.304501e-02 -9.649193e-06 -6.329386e-02 1.994176e-04
116            -9.977619e-05 -2.486992e+00 5.334891e-03 -8.634723e-05 -2.423691e+00 4.596630e-03 -1.342896e-05 -6.330139e-02 7.382610e-04
117            -2.239185e-04 -2.521152e+00 2.319055e-02 -2.087354e-04 -2.458028e+00 2.214037e-02 -1.518312e-05 -6.312457e-02 1.050189e-03
118            -3.046692e-04 -2.540150e+00 3.457580e-02 -2.921467e-04 -2.477411e+00 3.370810e-02 -1.252248e-05 -6.273987e-02 8.677027e-04
119            -3.552819e-04 -2.541067e+00 4.173751e-02 -3.486097e-04 -2.478962e+00 4.148066e-02 -6.672180e-06 -6.210587e-02 2.568543e-04
120            -3.545173e-04 -2.525463e+00 4.345714e-02 -3.564280e-04 -2.464037e+00 4.414602e-02 1.910731e-06 -6.142589e-02 -6.888851e-04
121            -3.240578e-04 -2.499424e+00 4.183078e-02 -3.344207e-04 -2.438784e+00 4.351802e-02 1.036287e-05 -6.064052e-02 -1.687240e-03
122            -2.804834e-04 -2.468585e+00 3.775938e-02 -2.977707e-04 -2.408794e+00 4.033519e-02 1.728728e-05 -5.979087e-02 -2.575811e-03
123            -2.144242e-04 -2.439830e+00 2.974460e-02 -2.377074e-04 -2.380762e+00 3.307273e-02 2.328319e-05 -5.906776e-02 -3.328126e-03
124            -1.478739e-04 -2.417906e+00 2.066259e-02 -1.740792e-04 -2.359500e+00 2.440405e-02 2.620530e-05 -5.840577e-02 -3.741461e-03
125            -7.616374e-05 -2.403754e+00 1.042632e-02 -1.032407e-04 -2.345853e+00 1.433210e-02 2.707700e-05 -5.790091e-02 -3.905777e-03
126            -1.160233e-05 -2.396559e+00 9.257791e-04 -3.713128e-05 -2.338969e+00 4.716597e-03 2.552896e-05 -5.759041e-02 -3.790818e-03
127            3.720947e-05 -2.395192e+00 -6.448468e-03 1.488833e-05 -2.337708e+00 -2.964065e-03 2.232114e-05 -5.748397e-02 -3.484403e-03
128            6.450226e-05 -2.397428e+00 -1.074823e-02 4.702974e-05 -2.339861e+00 -7.755003e-03 1.747252e-05 -5.756759e-02 -2.993223e-03
129            7.511516e-05 -2.400318e+00 -1.239158e-02 6.344604e-05 -2.342469e+00 -1.000553e-02 1.166912e-05 -5.784915e-02 -2.386054e-03
130            6.691163e-05 -2.401184e+00 -1.132662e-02 6.227504e-05 -2.342975e+00 -9.672743e-03 4.636596e-06 -5.820876e-02 -1.653873e-03
131            5.400869e-05 -2.399389e+00 -8.800753e-03 5.653075e-05 -2.340710e+00 -7.895891e-03 -2.522061e-06 -5.867928e-02 -9.048622e-04
132            3.054297e-05 -2.394219e+00 -4.611688e-03 4.052573e-05 -2.335050e+00 -4.453020e-03 -9.982763e-06 -5.916983e-02 -1.586677e-04
133            1.092259e-05 -2.387400e+00 -7.481660e-04 2.724599e-05 -2.327660e+00 -1.216887e-03 -1.632341e-05 -5.973971e-02 4.687210e-04
134            -2.132428e-05 -2.381697e+00 4.187321e-03 1.238556e-06 -2.321461e+00 3.147931e-03 -2.256284e-05 -6.023631e-02 1.039391e-03
135            -4.906259e-05 -2.379782e+00 7.942764e-03 -2.244979e-05 -2.318986e+00 6.546987e-03 -2.661280e-05 -6.079656e-02 1.395777e-03
136            -8.985921e-05 -2.384455e+00 1.232845e-02 -5.972439e-05 -2.323140e+00 1.065429e-02 -3.013482e-05 -6.131462e-02 1.674152e-03
137            -1.223257e-04 -2.398913e+00 1.503581e-02 -9.095468e-05 -2.336943e+00 1.327583e-02 -3.137098e-05 -6.197011e-02 1.759978e-03
138            -1.662849e-04 -2.421303e+00 1.834618e-02 -1.341734e-04 -2.358693e+00 1.655858e-02 -3.211149e-05 -6.260952e-02 1.787598e-03
139            -1.996477e-04 -2.451100e+00 2.008974e-02 -1.692701e-04 -2.387715e+00 1.846772e-02 -3.037767e-05 -6.338521e-02 1.622022e-03
140            -2.410257e-04 -2.486188e+00 2.287171e-02 -2.121374e-04 -2.422127e+00 2.138092e-02 -2.888834e-05 -6.406132e-02 1.490790e-03
141            -2.732360e-04 -2.523594e+00 2.500512e-02 -2.472327e-04 -2.458901e+00 2.375137e-02 -2.600330e-05 -6.469287e-02 1.253747e-03
142            -3.118320e-04 -2.559870e+00 2.821658e-02 -2.881923e-04 -2.494762e+00 2.714611e-02 -2.363965e-05 -6.510865e-02 1.070470e-03
143            -3.385322e-04 -2.591930e+00 3.057934e-02 -3.180842e-04 -2.526540e+00 2.972000e-02 -2.044801e-05 -6.538941e-02 8.593333e-04
144            -3.585821e-04 -2.617738e+00 3.271257e-02 -3.402048e-04 -2.552372e+00 3.192805e-02 -1.837733e-05 -6.536560e-02 7.845219e-04
145            -3.709490e-04 -2.636161e+00 3.444599e-02 -3.546821e-04 -2.571090e+00 3.371351e-02 -1.626685e-05 -6.507160e-02 7.324833e-04
146            -3.519250e-04 -2.646639e+00 3.287175e-02 -3.388543e-04 -2.582058e+00 3.226764e-02 -1.307072e-05 -6.458160e-02 6.041112e-04
147            -3.113226e-04 -2.646359e+00 2.997353e-02 -3.021476e-04 -2.582487e+00 2.959991e-02 -9.175005e-06 -6.387197e-02 3.736166e-04
148            -2.419834e-04 -2.635064e+00 2.497179e-02 -2.376749e-04 -2.572048e+00 2.500165e-02 -4.308478e-06 -6.301612e-02 -2.986113e-05
149            -1.530553e-04 -2.618562e+00 1.766757e-02 -1.554874e-04 -2.556394e+00 1.835796e-02 2.432075e-06 -6.216766e-02 -6.903899e-04
150            -5.952512e-05 -2.600450e+00 8.757670e-03 -6.885777e-05 -2.539237e+00 1.020714e-02 9.332642e-06 -6.121362e-02 -1.449474e-03
151            3.130662e-05 -2.581432e+00 -1.295841e-03 1.538327e-05 -2.521131e+00 9.082319e-04 1.592335e-05 -6.030150e-02 -2.204073e-03
152            1.077268e-04 -2.562291e+00 -1.134990e-02 8.718973e-05 -2.502909e+00 -8.553885e-03 2.053706e-05 -5.938226e-02 -2.796015e-03
153            1.776186e-04 -2.544639e+00 -2.186717e-02 1.531556e-04 -2.485955e+00 -1.858901e-02 2.446305e-05 -5.868458e-02 -3.278157e-03
154            2.317582e-04 -2.529326e+00 -3.139396e-02 2.048972e-04 -2.471139e+00 -2.780432e-02 2.686099e-05 -5.818660e-02 -3.589641e-03
155            2.761034e-04 -2.517319e+00 -3.958311e-02 2.476738e-04 -2.459365e+00 -3.580729e-02 2.842965e-05 -5.795391e-02 -3.775821e-03
156            3.104289e-04 -2.509705e+00 -4.623845e-02 2.811047e-04 -2.451695e+00 -4.239834e-02 2.932415e-05 -5.801054e-02 -3.840109e-03
157            3.308412e-04 -2.503999e+00 -5.102495e-02 3.014395e-04 -2.445728e+00 -4.722374e-02 2.940174e-05 -5.827069e-02 -3.801208e-03
158            3.363783e-04 -2.499219e+00 -5.336585e-02 3.074781e-04 -2.440540e+00 -4.968842e-02 2.890018e-05 -5.867939e-02 -3.677439e-03
159            3.342384e-04 -2.494514e+00 -5.477500e-02 3.066587e-04 -2.435319e+00 -5.131952e-02 2.757971e-05 -5.919490e-02 -3.455481e-03
160            3.214826e-04 -2.488424e+00 -5.513904e-02 2.959446e-04 -2.428669e+00 -5.195982e-02 2.553793e-05 -5.975497e-02 -3.179218e-03
161            3.144359e-04 -2.483743e+00 -5.631305e-02 2.912983e-04 -2.423358e+00 -5.343395e-02 2.313763e-05 -6.038473e-02 -2.879109e-03
162            3.020017e-04 -2.481058e+00 -5.690659e-02 2.816430e-04 -2.420000e+00 -5.433035e-02 2.035872e-05 -6.105787e-02 -2.576240e-03
163            2.916165e-04 -2.482486e+00 -5.763106e-02 2.742726e-04 -2.420717e+00 -5.534929e-02 1.734396e-05 -6.176962e-02 -2.281769e-03
164            2.743555e-04 -2.489624e+00 -5.748334e-02 2.603108e-04 -2.427116e+00 -5.549636e-02 1.404470e-05 -6.250799e-02 -1.986975e-03
165            2.549702e-04 -2.502131e+00 -5.708567e-02 2.440782e-04 -2.438855e+00 -5.536264e-02 1.089202e-05 -6.327544e-02 -1.723028e-03
166            2.331219e-04 -2.520192e+00 -5.617868e-02 2.250034e-04 -2.456140e+00 -5.467250e-02 8.118561e-06 -6.405180e-02 -1.506183e-03
167            2.032167e-04 -2.542679e+00 -5.413846e-02 1.974786e-04 -2.477837e+00 -5.282037e-02 5.738058e-06 -6.484124e-02 -1.318090e-03
168            1.674103e-04 -2.567070e+00 -5.105002e-02 1.637140e-04 -2.501466e+00 -4.989667e-02 3.696306e-06 -6.560479e-02 -1.153350e-03
169            1.206629e-04 -2.592071e+00 -4.642298e-02 1.188533e-04 -2.525748e+00 -4.543375e-02 1.809616e-06 -6.632362e-02 -9.892241e-04
170            7.331616e-05 -2.616203e+00 -4.142388e-02 7.321267e-05 -2.549272e+00 -4.059349e-02 1.034875e-07 -6.693144e-02 -8.303915e-04
171            2.300183e-05 -2.638191e+00 -3.563860e-02 2.441207e-05 -2.570750e+00 -3.497215e-02 -1.410237e-06 -6.744109e-02 -6.664508e-04
172            -2.977138e-05 -2.656612e+00 -2.921445e-02 -2.636199e-05 -2.588834e+00 -2.876758e-02 -3.409382e-06 -6.777803e-02 -4.468743e-04
173            -6.292980e-05 -2.671166e+00 -2.441684e-02 -5.796103e-05 -2.603084e+00 -2.418803e-02 -4.968769e-06 -6.808190e-02 -2.288120e-04
174            -8.116405e-05 -2.681582e+00 -2.063469e-02 -7.343814e-05 -2.613311e+00 -2.075905e-02 -7.725908e-06 -6.827057e-02 1.243611e-04
175            -7.827133e-05 -2.687392e+00 -1.897559e-02 -6.718028e-05 -2.618967e+00 -1.953794e-02 -1.109106e-05 -6.842472e-02 5.623528e-04
176            -5.247063e-05 -2.687776e+00 -1.988570e-02 -3.798670e-05 -2.619250e+00 -2.087754e-02 -1.448394e-05 -6.852543e-02 9.918430e-04
177            -1.084400e-06 -2.682855e+00 -2.398506e-02 1.564246e-05 -2.614227e+00 -2.526673e-02 -1.672686e-05 -6.862800e-02 1.281671e-03
178            5.434772e-05 -2.674515e+00 -2.948446e-02 7.325251e-05 -2.605847e+00 -3.098453e-02 -1.890479e-05 -6.866742e-02 1.500063e-03
179            1.160443e-04 -2.664897e+00 -3.685430e-02 1.366760e-04 -2.596159e+00 -3.851039e-02 -2.063164e-05 -6.873770e-02 1.656097e-03
180            1.608140e-04 -2.655788e+00 -4.344467e-02 1.844380e-04 -2.587099e+00 -4.536738e-02 -2.362404e-05 -6.868831e-02 1.922702e-03
181            1.877128e-04 -2.648255e+00 -4.861065e-02 2.155786e-04 -2.579695e+00 -5.094659e-02 -2.786572e-05 -6.855971e-02 2.335936e-03
182            1.973483e-04 -2.642759e+00 -5.174326e-02 2.301687e-04 -2.574420e+00 -5.459509e-02 -3.282035e-05 -6.833945e-02 2.851821e-03
183            1.871175e-04 -2.638311e+00 -5.207277e-02 2.250249e-04 -2.570269e+00 -5.547115e-02 -3.790741e-05 -6.804260e-02 3.398378e-03
184            1.575912e-04 -2.633101e+00 -4.938875e-02 2.000807e-04 -2.565444e+00 -5.329647e-02 -4.248950e-05 -6.765604e-02 3.907716e-03
185            1.039627e-04 -2.625248e+00 -4.329600e-02 1.504542e-04 -2.558060e+00 -4.765035e-02 -4.649148e-05 -6.718751e-02 4.354356e-03
186            2.805574e-05 -2.613484e+00 -3.429929e-02 7.789211e-05 -2.546815e+00 -3.903212e-02 -4.983637e-05 -6.666883e-02 4.732833e-03
187            -6.479959e-05 -2.597611e+00 -2.319490e-02 -1.203433e-05 -2.531489e+00 -2.825745e-02 -5.276526e-05 -6.612164e-02 5.062552e-03
188            -1.659700e-04 -2.578005e+00 -1.102940e-02 -1.106921e-04 -2.512470e+00 -1.637664e-02 -5.527781e-05 -6.553497e-02 5.347240e-03
189            -2.634957e-04 -2.556122e+00 8.100133e-04 -2.060093e-04 -2.491201e+00 -4.783127e-03 -5.748640e-05 -6.492090e-02 5.593141e-03
190            -3.492172e-04 -2.533399e+00 1.143492e-02 -2.899606e-04 -2.469080e+00 5.654888e-03 -5.925658e-05 -6.431914e-02 5.780034e-03
191            -4.141542e-04 -2.511304e+00 1.982784e-02 -3.535257e-04 -2.447564e+00 1.391748e-02 -6.062849e-05 -6.373996e-02 5.910367e-03
192            -4.536806e-04 -2.491353e+00 2.557904e-02 -3.922172e-04 -2.428179e+00 1.960326e-02 -6.146340e-05 -6.317389e-02 5.975779e-03
193            -4.683093e-04 -2.473940e+00 2.891873e-02 -4.065458e-04 -2.411303e+00 2.293369e-02 -6.176349e-05 -6.263741e-02 5.985036e-03
194            -4.628937e-04 -2.459228e+00 3.056912e-02 -4.013890e-04 -2.397115e+00 2.462881e-02 -6.150472e-05 -6.211262e-02 5.940314e-03
195            -4.434403e-04 -2.447701e+00 3.127712e-02 -3.827833e-04 -2.386046e+00 2.543430e-02 -6.065707e-05 -6.165515e-02 5.842819e-03
196            -4.181812e-04 -2.438990e+00 3.177573e-02 -3.589725e-04 -2.377752e+00 2.608158e-02 -5.920875e-05 -6.123765e-02 5.694155e-03
197            -3.938032e-04 -2.432660e+00 3.260188e-02 -3.366239e-04 -2.371773e+00 2.710443e-02 -5.717927e-05 -6.088736e-02 5.497442e-03
198            -3.759430e-04 -2.427792e+00 3.441716e-02 -3.214517e-04 -2.367189e+00 2.917082e-02 -5.449130e-05 -6.060346e-02 5.246342e-03
199            -3.596393e-04 -2.424121e+00 3.653485e-02 -3.087268e-04 -2.363696e+00 3.162001e-02 -5.091249e-05 -6.042404e-02 4.914836e-03
200            -3.518019e-04 -2.421889e+00 3.962654e-02 -3.049519e-04 -2.361560e+00 3.509216e-02 -4.684998e-05 -6.032937e-02 4.534373e-03
201            -3.381478e-04 -2.422133e+00 4.183386e-02 -2.962685e-04 -2.361737e+00 3.776763e-02 -4.187936e-05 -6.039632e-02 4.066224e-03
202            -3.290106e-04 -2.424081e+00 4.423815e-02 -2.919947e-04 -2.363535e+00 4.064989e-02 -3.701584e-05 -6.054638e-02 3.588258e-03
203            -3.055090e-04 -2.427980e+00 4.448509e-02 -2.743311e-04 -2.367116e+00 4.146340e-02 -3.117788e-05 -6.086421e-02 3.021682e-03
204            -2.869843e-04 -2.435284e+00 4.448160e-02 -2.610404e-04 -2.374043e+00 4.198399e-02 -2.594392e-05 -6.124060e-02 2.497614e-03
205            -2.452117e-04 -2.445087e+00 4.093661e-02 -2.255300e-04 -2.383317e+00 3.905123e-02 -1.968171e-05 -6.176992e-02 1.885380e-03
206            -2.115133e-04 -2.457101e+00 3.749360e-02 -1.970189e-04 -2.394795e+00 3.614760e-02 -1.449442e-05 -6.230526e-02 1.345996e-03
207            -1.551801e-04 -2.471930e+00 3.050024e-02 -1.461514e-04 -2.408962e+00 2.970354e-02 -9.028666e-06 -6.296821e-02 7.967062e-04
208            -1.141794e-04 -2.489331e+00 2.457585e-02 -1.090648e-04 -2.425741e+00 2.421394e-02 -5.114597e-06 -6.359012e-02 3.619144e-04
209            -6.734080e-05 -2.508454e+00 1.741023e-02 -6.588493e-05 -2.444166e+00 1.745206e-02 -1.455869e-06 -6.428841e-02 -4.183256e-05
210            -2.510831e-05 -2.528483e+00 1.045448e-02 -2.557938e-05 -2.463568e+00 1.073460e-02 4.710683e-07 -6.491520e-02 -2.801218e-04
211            2.201889e-05 -2.548858e+00 2.909420e-03 2.015986e-05 -2.483320e+00 3.395414e-03 1.859029e-06 -6.553788e-02 -4.859943e-04
212            7.165120e-05 -2.568937e+00 -4.609011e-03 6.914997e-05 -2.502796e+00 -4.008696e-03 2.501229e-06 -6.614079e-02 -6.003152e-04
213            1.119913e-04 -2.588124e+00 -1.043445e-02 1.105270e-04 -2.521514e+00 -9.873494e-03 1.464256e-06 -6.660988e-02 -5.609579e-04
214            1.613784e-04 -2.607031e+00 -1.662912e-02 1.607049e-04 -2.539978e+00 -1.610255e-02 6.735196e-07 -6.705361e-02 -5.265722e-04
215            2.063588e-04 -2.625156e+00 -2.162895e-02 2.079632e-04 -2.557833e+00 -2.128412e-02 -1.604456e-06 -6.732287e-02 -3.448292e-04
216            2.555806e-04 -2.642603e+00 -2.644911e-02 2.595251e-04 -2.575068e+00 -2.631922e-02 -3.944448e-06 -6.753506e-02 -1.298886e-04
217            2.881593e-04 -2.659154e+00 -2.913689e-02 2.956410e-04 -2.591581e+00 -2.932960e-02 -7.481676e-06 -6.757352e-02 1.927121e-04
218            3.137331e-04 -2.675236e+00 -3.142584e-02 3.239976e-04 -2.607676e+00 -3.187816e-02 -1.026447e-05 -6.755994e-02 4.523250e-04
219            3.098506e-04 -2.690744e+00 -3.140909e-02 3.231193e-04 -2.623329e+00 -3.213032e-02 -1.326874e-05 -6.741539e-02 7.212367e-04
220            2.770848e-04 -2.706100e+00 -2.923162e-02 2.931887e-04 -2.638912e+00 -3.020272e-02 -1.610390e-05 -6.718707e-02 9.710998e-04
221            2.309314e-04 -2.721024e+00 -2.640995e-02 2.492819e-04 -2.654096e+00 -2.760134e-02 -1.835047e-05 -6.692807e-02 1.191390e-03
222            1.719081e-04 -2.732232e+00 -2.297205e-02 1.928414e-04 -2.665685e+00 -2.443451e-02 -2.093334e-05 -6.654674e-02 1.462455e-03
223            1.042988e-04 -2.736514e+00 -1.949291e-02 1.283734e-04 -2.670452e+00 -2.130048e-02 -2.407462e-05 -6.606226e-02 1.807573e-03
224            4.345319e-05 -2.733275e+00 -1.713615e-02 7.052550e-05 -2.667764e+00 -1.932247e-02 -2.707231e-05 -6.551082e-02 2.186315e-03
225            -1.514370e-05 -2.722527e+00 -1.425647e-02 1.570277e-05 -2.657690e+00 -1.691621e-02 -3.084647e-05 -6.483742e-02 2.659740e-03
226            -5.904619e-05 -2.705241e+00 -1.147727e-02 -2.500766e-05 -2.641053e+00 -1.457804e-02 -3.403853e-05 -6.418889e-02 3.100775e-03
227            -1.079735e-04 -2.682891e+00 -7.128855e-03 -7.077901e-05 -2.619383e+00 -1.064048e-02 -3.719447e-05 -6.350826e-02 3.511627e-03
228            -1.610530e-04 -2.656454e+00 -1.865091e-03 -1.215189e-04 -2.593624e+00 -5.693518e-03 -3.953419e-05 -6.282974e-02 3.828427e-03
229            -2.188172e-04 -2.627513e+00 4.287735e-03 -1.779666e-04 -2.565312e+00 2.680979e-04 -4.085059e-05 -6.220109e-02 4.019637e-03
230            -2.740627e-04 -2.596494e+00 1.070961e-02 -2.331151e-04 -2.534852e+00 6.627397e-03 -4.094762e-05 -6.164156e-02 4.082212e-03
231            -3.248690e-04 -2.566873e+00 1.706438e-02 -2.845661e-04 -2.505707e+00 1.299455e-02 -4.030283e-05 -6.116552e-02 4.069830e-03
232            -3.650767e-04 -2.537168e+00 2.315172e-02 -3.265786e-04 -2.476322e+00 1.921497e-02 -3.849805e-05 -6.084619e-02 3.936748e-03
233            -3.976740e-04 -2.509904e+00 2.894450e-02 -3.613332e-04 -2.449299e+00 2.516730e-02 -3.634084e-05 -6.060530e-02 3.777197e-03
234            -4.143780e-04 -2.485670e+00 3.363348e-02 -3.813309e-04 -2.425108e+00 3.013575e-02 -3.304713e-05 -6.056195e-02 3.497723e-03
235            -4.267565e-04 -2.466793e+00 3.733221e-02 -3.968511e-04 -2.406230e+00 3.409656e-02 -2.990542e-05 -6.056338e-02 3.235649e-03
236            -4.237880e-04 -2.451972e+00 3.898376e-02 -3.978539e-04 -2.391263e+00 3.609869e-02 -2.593402e-05 -6.070890e-02 2.885069e-03
237            -4.113410e-04 -2.438762e+00 3.944834e-02 -3.888399e-04 -2.377830e+00 3.686528e-02 -2.250110e-05 -6.093212e-02 2.583057e-03
238            -3.811007e-04 -2.429306e+00 3.749624e-02 -3.624396e-04 -2.367995e+00 3.526149e-02 -1.866110e-05 -6.131083e-02 2.234756e-03
239            -3.509553e-04 -2.422548e+00 3.485719e-02 -3.350389e-04 -2.360805e+00 3.287089e-02 -1.591636e-05 -6.174307e-02 1.986305e-03
240            -2.977978e-04 -2.417192e+00 2.972822e-02 -2.852638e-04 -2.354851e+00 2.805181e-02 -1.253404e-05 -6.234042e-02 1.676411e-03
241            -2.424393e-04 -2.415191e+00 2.371392e-02 -2.317804e-04 -2.352285e+00 2.222208e-02 -1.065892e-05 -6.290580e-02 1.491832e-03
242            -1.677545e-04 -2.418243e+00 1.523359e-02 -1.602912e-04 -2.354651e+00 1.405549e-02 -7.463281e-06 -6.359231e-02 1.178099e-03
243            -1.025975e-04 -2.424623e+00 7.461390e-03 -9.705171e-05 -2.360434e+00 6.509609e-03 -5.545818e-06 -6.418862e-02 9.517816e-04
244            -3.276038e-05 -2.433605e+00 -1.282178e-03 -3.005907e-05 -2.368764e+00 -1.922142e-03 -2.701306e-06 -6.484031e-02 6.399644e-04
245            1.138902e-05 -2.446416e+00 -7.359010e-03 1.273330e-05 -2.381053e+00 -7.803974e-03 -1.344280e-06 -6.536247e-02 4.449640e-04
246            5.611522e-05 -2.462726e+00 -1.339758e-02 5.470944e-05 -2.396779e+00 -1.353552e-02 1.405780e-06 -6.594697e-02 1.379404e-04
247            7.640087e-05 -2.481824e+00 -1.639790e-02 7.339609e-05 -2.415448e+00 -1.631377e-02 3.004779e-06 -6.637549e-02 -8.413011e-05
248            8.435730e-05 -2.502380e+00 -1.769654e-02 7.904382e-05 -2.435624e+00 -1.731121e-02 5.313479e-06 -6.675540e-02 -3.853283e-04
249            8.929515e-05 -2.524608e+00 -1.846403e-02 8.126695e-05 -2.457526e+00 -1.774612e-02 8.028201e-06 -6.708188e-02 -7.179091e-04
250            7.062127e-05 -2.547471e+00 -1.647346e-02 6.034314e-05 -2.480190e+00 -1.546407e-02 1.027813e-05 -6.728133e-02 -1.009394e-03
251            5.713757e-05 -2.570134e+00 -1.517723e-02 4.394551e-05 -2.502684e+00 -1.383457e-02 1.319207e-05 -6.744924e-02 -1.342652e-03
252            2.289721e-05 -2.590980e+00 -1.154131e-02 7.459044e-06 -2.523451e+00 -9.919462e-03 1.543816e-05 -6.752839e-02 -1.621849e-03
253            -5.449605e-06 -2.608609e+00 -8.729452e-03 -2.410800e-05 -2.540933e+00 -6.770009e-03 1.865840e-05 -6.767560e-02 -1.959443e-03
254            -4.075636e-05 -2.621739e+00 -5.628053e-03 -6.217903e-05 -2.553963e+00 -3.378070e-03 2.142267e-05 -6.777580e-02 -2.249983e-03
255            -7.413148e-05 -2.628248e+00 -2.998198e-03 -9.852280e-05 -2.560375e+00 -4.205116e-04 2.439132e-05 -6.787336e-02 -2.577686e-03
256            -8.600573e-05 -2.628203e+00 -2.734746e-03 -1.147160e-04 -2.560176e+00 3.307396e-04 2.871029e-05 -6.802639e-02 -3.065486e-03
257            -8.560775e-05 -2.623195e+00 -3.603869e-03 -1.180742e-04 -2.555084e+00 -5.810976e-05 3.246641e-05 -6.811111e-02 -3.545759e-03
258            -5.373375e-05 -2.615944e+00 -7.771862e-03 -8.991979e-05 -2.547746e+00 -3.767671e-03 3.618604e-05 -6.819815e-02 -4.004190e-03
259            -7.515788e-06 -2.609065e+00 -1.352010e-02 -4.545902e-05 -2.540873e+00 -9.254384e-03 3.794323e-05 -6.819180e-02 -4.265711e-03
260            5.664025e-05 -2.599972e+00 -2.102952e-02 1.865669e-05 -2.531797e+00 -1.669716e-02 3.798356e-05 -6.817427e-02 -4.332362e-03
261            1.345582e-04 -2.590164e+00 -2.998812e-02 9.780458e-05 -2.522021e+00 -2.572932e-02 3.675359e-05 -6.814327e-02 -4.258796e-03
262            2.194260e-04 -2.579588e+00 -3.954497e-02 1.849792e-04 -2.511467e+00 -3.547630e-02 3.444685e-05 -6.812138e-02 -4.068675e-03
263            3.082763e-04 -2.567667e+00 -4.939148e-02 2.770980e-04 -2.499579e+00 -4.561744e-02 3.117830e-05 -6.808737e-02 -3.774033e-03
264            3.952742e-04 -2.554118e+00 -5.907307e-02 3.680954e-04 -2.486113e+00 -5.567030e-02 2.717880e-05 -6.800512e-02 -3.402773e-03
265            4.783681e-04 -2.539694e+00 -6.853497e-02 4.555869e-04 -2.471828e+00 -6.554815e-02 2.278116e-05 -6.786605e-02 -2.986824e-03
266            5.490893e-04 -2.525400e+00 -7.699497e-02 5.310676e-04 -2.457752e+00 -7.447745e-02 1.802176e-05 -6.764848e-02 -2.517515e-03
267            5.996737e-04 -2.512339e+00 -8.360333e-02 5.867585e-04 -2.444996e+00 -8.161290e-02 1.291520e-05 -6.734378e-02 -1.990426e-03
268            6.213756e-04 -2.500816e+00 -8.775254e-02 6.140966e-04 -2.433863e+00 -8.636578e-02 7.278924e-06 -6.695320e-02 -1.386763e-03
269            6.092225e-04 -2.491085e+00 -8.811549e-02 6.079790e-04 -2.424616e+00 -8.740542e-02 1.243530e-06 -6.646846e-02 -7.100620e-04
270            5.584263e-04 -2.483112e+00 -8.429740e-02 5.633084e-04 -2.417208e+00 -8.429477e-02 -4.882105e-06 -6.590394e-02 -2.629800e-06
271            4.780683e-04 -2.477232e+00 -7.702401e-02 4.889050e-04 -2.411928e+00 -7.772536e-02 -1.083671e-05 -6.530434e-02 7.013468e-04
272            3.721488e-04 -2.472328e+00 -6.714017e-02 3.890015e-04 -2.407608e+00 -6.855491e-02 -1.685266e-05 -6.471993e-02 1.414741e-03
273            2.480249e-04 -2.467590e+00 -5.491056e-02 2.710718e-04 -2.403436e+00 -5.706034e-02 -2.304693e-05 -6.415422e-02 2.149783e-03
274            1.240602e-04 -2.464838e+00 -4.185990e-02 1.526157e-04 -2.401216e+00 -4.470261e-02 -2.855543e-05 -6.362175e-02 2.842710e-03
275            -4.113600e-06 -2.463245e+00 -2.775280e-02 2.972671e-05 -2.400219e+00 -3.124749e-02 -3.384031e-05 -6.302512e-02 3.494688e-03
276            -1.109819e-04 -2.462930e+00 -1.568052e-02 -7.341966e-05 -2.400421e+00 -1.967337e-02 -3.756228e-05 -6.250817e-02 3.992849e-03
277            -2.063406e-04 -2.464105e+00 -4.770034e-03 -1.651561e-04 -2.402122e+00 -9.220449e-03 -4.118447e-05 -6.198275e-02 4.450415e-03
278            -2.737723e-04 -2.466851e+00 2.999609e-03 -2.307466e-04 -2.405311e+00 -1.735418e-03 -4.302569e-05 -6.153943e-02 4.735026e-03
279            -3.263184e-04 -2.470613e+00 9.148194e-03 -2.821422e-04 -2.409548e+00 4.225852e-03 -4.417618e-05 -6.106482e-02 4.922342e-03
280            -3.451405e-04 -2.474604e+00 1.179308e-02 -3.023374e-04 -2.413948e+00 6.910885e-03 -4.280310e-05 -6.065539e-02 4.882198e-03
281            -3.510312e-04 -2.478076e+00 1.354119e-02 -3.105097e-04 -2.417934e+00 8.786079e-03 -4.052145e-05 -6.014226e-02 4.755112e-03
282            -3.396348e-04 -2.481011e+00 1.393231e-02 -3.034011e-04 -2.421365e+00 9.457436e-03 -3.623370e-05 -5.964642e-02 4.474871e-03
283            -3.330786e-04 -2.482763e+00 1.523456e-02 -3.018093e-04 -2.423678e+00 1.109773e-02 -3.126931e-05 -5.908449e-02 4.136832e-03
284            -3.132348e-04 -2.482408e+00 1.543508e-02 -2.890779e-04 -2.423718e+00 1.184884e-02 -2.415696e-05 -5.869029e-02 3.586241e-03
285            -2.997871e-04 -2.479824e+00 1.644386e-02 -2.830894e-04 -2.421403e+00 1.355300e-02 -1.669772e-05 -5.842161e-02 2.890861e-03
286            -2.653577e-04 -2.475601e+00 1.492285e-02 -2.587156e-04 -2.417163e+00 1.305500e-02 -6.642125e-06 -5.843827e-02 1.867848e-03
287            -2.341686e-04 -2.470576e+00 1.332428e-02 -2.372531e-04 -2.412022e+00 1.253733e-02 3.084581e-06 -5.855384e-02 7.869479e-04
288            -1.755774e-04 -2.465910e+00 8.364502e-03 -1.890886e-04 -2.406987e+00 8.734023e-03 1.351121e-05 -5.892274e-02 -3.695217e-04
289            -1.077755e-04 -2.462047e+00 2.480410e-03 -1.303131e-04 -2.402759e+00 3.906350e-03 2.253754e-05 -5.928792e-02 -1.425941e-03
290            -7.015393e-06 -2.458721e+00 -6.667681e-03 -3.894997e-05 -2.398935e+00 -4.182778e-03 3.193458e-05 -5.978607e-02 -2.484904e-03
291            1.071945e-04 -2.456173e+00 -1.729104e-02 6.728278e-05 -2.395918e+00 -1.390256e-02 3.991172e-05 -6.025476e-02 -3.388487e-03
292            2.408390e-04 -2.454507e+00 -3.043550e-02 1.943327e-04 -2.393820e+00 -2.630148e-02 4.650633e-05 -6.068696e-02 -4.134023e-03
293            3.818789e-04 -2.455121e+00 -4.537605e-02 3.296671e-04 -2.393962e+00 -4.062465e-02 5.221185e-05 -6.115897e-02 -4.751401e-03
294            4.997768e-04 -2.457595e+00 -5.880668e-02 4.441915e-04 -2.396085e+00 -5.366004e-02 5.558535e-05 -6.151078e-02 -5.146640e-03
295            6.092531e-04 -2.461623e+00 -7.224559e-02 5.496494e-04 -2.399643e+00 -6.668549e-02 5.960367e-05 -6.198043e-02 -5.560098e-03
296            6.722287e-04 -2.467704e+00 -8.174799e-02 6.105963e-04 -2.405341e+00 -7.595157e-02 6.163245e-05 -6.236348e-02 -5.796420e-03
297            7.243374e-04 -2.475763e+00 -9.094905e-02 6.601672e-04 -2.412884e+00 -8.490269e-02 6.417018e-05 -6.287826e-02 -6.046360e-03
298            7.458593e-04 -2.484842e+00 -9.744336e-02 6.813331e-04 -2.421511e+00 -9.132101e-02 6.452623e-05 -6.333055e-02 -6.122347e-03
299            7.809544e-04 -2.494150e+00 -1.058943e-01 7.158833e-04 -2.430185e+00 -9.969259e-02 6.507111e-05 -6.396584e-02 -6.201743e-03
300            8.096663e-04 -2.503197e+00 -1.137268e-01 7.465850e-04 -2.438602e+00 -1.076572e-01 6.308130e-05 -6.459437e-02 -6.069586e-03
301            8.674794e-04 -2.511681e+00 -1.245246e-01 8.066685e-04 -2.446270e+00 -1.186383e-01 6.081090e-05 -6.541116e-02 -5.886261e-03
302            9.269985e-04 -2.519270e+00 -1.348032e-01 8.704267e-04 -2.453025e+00 -1.292627e-01 5.657184e-05 -6.624497e-02 -5.540575e-03
303            1.012281e-03 -2.524965e+00 -1.463006e-01 9.593179e-04 -2.457668e+00 -1.410669e-01 5.296293e-05 -6.729765e-02 -5.233724e-03
304            1.079204e-03 -2.528532e+00 -1.534798e-01 1.031379e-03 -2.460123e+00 -1.486935e-01 4.782483e-05 -6.840923e-02 -4.786254e-03
305            1.127531e-03 -2.530120e+00 -1.561749e-01 1.084702e-03 -2.460442e+00 -1.518476e-01 4.282983e-05 -6.967812e-02 -4.327257e-03
306            1.133689e-03 -2.530530e+00 -1.520921e-01 1.096255e-03 -2.459577e+00 -1.482871e-01 3.743434e-05 -7.095308e-02 -3.805003e-03
307            1.109447e-03 -2.530778e+00 -1.429721e-01 1.077056e-03 -2.458570e+00 -1.396898e-01 3.239028e-05 -7.220836e-02 -3.282331e-03
308            1.038124e-03 -2.531418e+00 -1.278329e-01 1.011518e-03 -2.458194e+00 -1.251515e-01 2.660636e-05 -7.322403e-02 -2.681438e-03
309            9.539546e-04 -2.533837e+00 -1.118010e-01 9.318419e-04 -2.459770e+00 -1.096390e-01 2.211264e-05 -7.406696e-02 -2.162018e-03
310            8.509427e-04 -2.539135e+00 -9.489456e-02 8.335686e-04 -2.464541e+00 -9.328261e-02 1.737411e-05 -7.459342e-02 -1.611948e-03
311            7.453518e-04 -2.547210e+00 -7.917880e-02 7.327247e-04 -2.472358e+00 -7.811499e-02 1.262705e-05 -7.485145e-02 -1.063805e-03
312            6.438207e-04 -2.558110e+00 -6.555546e-02 6.359634e-04 -2.483225e+00 -6.503696e-02 7.857300e-06 -7.488517e-02 -5.185004e-04
313            5.664584e-04 -2.572000e+00 -5.661900e-02 5.633118e-04 -2.497233e+00 -5.662378e-02 3.146558e-06 -7.476693e-02 4.780532e-06
314            5.069081e-04 -2.589195e+00 -5.147323e-02 5.083343e-04 -2.514692e+00 -5.198585e-02 -1.426144e-06 -7.450239e-02 5.126124e-04
315            4.728462e-04 -2.609702e+00 -5.105200e-02 4.781327e-04 -2.535537e+00 -5.200335e-02 -5.286478e-06 -7.416508e-02 9.513464e-04
316            4.620266e-04 -2.633184e+00 -5.512530e-02 4.706450e-04 -2.559434e+00 -5.645601e-02 -8.618422e-06 -7.374950e-02 1.330712e-03
317            4.667557e-04 -2.657677e+00 -6.215298e-02 4.780017e-04 -2.584384e+00 -6.379967e-02 -1.124601e-05 -7.329299e-02 1.646692e-03
318            4.769049e-04 -2.680013e+00 -7.044860e-02 4.906272e-04 -2.607261e+00 -7.239551e-02 -1.372229e-05 -7.275193e-02 1.946914e-03
319            4.983243e-04 -2.700017e+00 -7.990360e-02 5.148603e-04 -2.627893e+00 -8.217928e-02 -1.653594e-05 -7.212391e-02 2.275683e-03
320            5.242826e-04 -2.715864e+00 -8.898513e-02 5.445090e-04 -2.644501e+00 -9.165965e-02 -2.022637e-05 -7.136294e-02 2.674523e-03
321            5.443153e-04 -2.727218e+00 -9.584244e-02 5.695218e-04 -2.656759e+00 -9.903390e-02 -2.520656e-05 -7.045882e-02 3.191453e-03
322            5.578859e-04 -2.734155e+00 -1.002276e-01 5.894093e-04 -2.664704e+00 -1.040598e-01 -3.152347e-05 -6.945062e-02 3.832281e-03
323            5.601021e-04 -2.736209e+00 -1.017832e-01 5.991934e-04 -2.667833e+00 -1.063775e-01 -3.909134e-05 -6.837584e-02 4.594370e-03
324            5.441686e-04 -2.733969e+00 -9.976462e-02 5.913879e-04 -2.666726e+00 -1.051837e-01 -4.721929e-05 -6.724271e-02 5.419072e-03
325            5.163003e-04 -2.726237e+00 -9.562538e-02 5.713982e-04 -2.660144e+00 -1.018504e-01 -5.509797e-05 -6.609397e-02 6.225033e-03
326            4.730380e-04 -2.712812e+00 -8.956229e-02 5.351952e-04 -2.647847e+00 -9.652403e-02 -6.215722e-05 -6.496508e-02 6.961738e-03
327            4.267136e-04 -2.696649e+00 -8.362327e-02 4.948561e-04 -2.632725e+00 -9.121344e-02 -6.814245e-05 -6.392438e-02 7.590171e-03
328            3.636594e-04 -2.672536e+00 -7.667698e-02 4.368854e-04 -2.609623e+00 -8.480589e-02 -7.322595e-05 -6.291274e-02 8.128915e-03
329            2.870070e-04 -2.643733e+00 -6.902046e-02 3.640091e-04 -2.581737e+00 -7.753842e-02 -7.700207e-05 -6.199631e-02 8.517957e-03
330            1.971811e-04 -2.611733e+00 -6.088575e-02 2.768723e-04 -2.550506e+00 -6.966816e-02 -7.969123e-05 -6.122634e-02 8.782412e-03
331            9.773465e-05 -2.578141e+00 -5.258082e-02 1.791730e-04 -2.517559e+00 -6.152269e-02 -8.143839e-05 -6.058158e-02 8.941875e-03
332            -1.015761e-05 -2.543094e+00 -4.378916e-02 7.244383e-05 -2.483059e+00 -5.281943e-02 -8.260144e-05 -6.003526e-02 9.030271e-03
333            -1.183736e-04 -2.508338e+00 -3.505133e-02 -3.542057e-05 -2.448749e+00 -4.408777e-02 -8.295298e-05 -5.958916e-02 9.036444e-03
334            -2.264767e-04 -2.475204e+00 -2.595707e-02 -1.433270e-04 -2.416016e+00 -3.497205e-02 -8.314968e-05 -5.918820e-02 9.014985e-03
335            -3.239302e-04 -2.445443e+00 -1.714768e-02 -2.412595e-04 -2.386524e+00 -2.607893e-02 -8.267073e-05 -5.891848e-02 8.931241e-03
336            -4.163196e-04 -2.420147e+00 -7.525388e-03 -3.336924e-04 -2.361472e+00 -1.639457e-02 -8.262722e-05 -5.867483e-02 8.869183e-03
337            -4.857876e-04 -2.399634e+00 1.371431e-03 -4.041873e-04 -2.341089e+00 -7.342009e-03 -8.160027e-05 -5.854415e-02 8.713440e-03
338            -5.484443e-04 -2.384284e+00 1.111771e-02 -4.672650e-04 -2.325886e+00 2.519932e-03 -8.117931e-05 -5.839706e-02 8.597782e-03
339            -5.897876e-04 -2.373140e+00 2.026069e-02 -5.102556e-04 -2.314771e+00 1.189341e-02 -7.953202e-05 -5.836913e-02 8.367279e-03
340            -6.316456e-04 -2.367090e+00 3.056868e-02 -5.533523e-04 -2.308746e+00 2.240475e-02 -7.829322e-05 -5.834347e-02 8.163933e-03
341            -6.559831e-04 -2.364351e+00 3.980908e-02 -5.803756e-04 -2.305901e+00 3.196411e-02 -7.560748e-05 -5.845031e-02 7.844972e-03
342            -6.823344e-04 -2.364384e+00 4.938804e-02 -6.091436e-04 -2.305821e+00 4.184927e-02 -7.319087e-05 -5.856254e-02 7.538764e-03
343            -6.895808e-04 -2.365995e+00 5.696284e-02 -6.199925e-04 -2.307210e+00 4.981348e-02 -6.958826e-05 -5.878446e-02 7.149358e-03
344            -6.928269e-04 -2.368323e+00 6.417651e-02 -6.264345e-04 -2.309357e+00 5.739269e-02 -6.639238e-05 -5.896599e-02 6.783821e-03
345            -6.741537e-04 -2.372666e+00 6.822681e-02 -6.116782e-04 -2.313428e+00 6.185257e-02 -6.247543e-05 -5.923782e-02 6.374245e-03
346            -6.501329e-04 -2.378032e+00 7.112945e-02 -5.908057e-04 -2.318560e+00 6.510802e-02 -5.932722e-05 -5.947126e-02 6.021431e-03
347            -5.977334e-04 -2.384865e+00 7.004123e-02 -5.428075e-04 -2.325059e+00 6.447943e-02 -5.492595e-05 -5.980594e-02 5.561800e-03
348            -5.467099e-04 -2.392687e+00 6.806081e-02 -4.950760e-04 -2.332570e+00 6.287137e-02 -5.163394e-05 -6.011701e-02 5.189439e-03
349            -4.755007e-04 -2.400798e+00 6.290721e-02 -4.282488e-04 -2.340285e+00 5.816905e-02 -4.725189e-05 -6.051261e-02 4.738156e-03
350            -4.153972e-04 -2.409840e+00 5.787670e-02 -3.716268e-04 -2.349008e+00 5.352344e-02 -4.377038e-05 -6.083257e-02 4.353268e-03
351            -3.465072e-04 -2.420091e+00 5.068679e-02 -3.073784e-04 -2.358867e+00 4.681466e-02 -3.912884e-05 -6.122490e-02 3.872129e-03
352            -2.976112e-04 -2.431594e+00 4.483588e-02 -2.617649e-04 -2.370063e+00 4.135025e-02 -3.584632e-05 -6.153035e-02 3.485627e-03
353            -2.494064e-04 -2.442802e+00 3.847734e-02 -2.179482e-04 -2.380884e+00 3.546479e-02 -3.145815e-05 -6.191808e-02 3.012548e-03
354            -2.257186e-04 -2.456396e+00 3.449070e-02 -1.969778e-04 -2.394179e+00 3.182725e-02 -2.874076e-05 -6.221712e-02 2.663453e-03
355            -1.943439e-04 -2.471026e+00 2.944668e-02 -1.697016e-04 -2.408427e+00 2.724295e-02 -2.464236e-05 -6.259887e-02 2.203726e-03
356            -1.927330e-04 -2.486289e+00 2.771380e-02 -1.701414e-04 -2.423432e+00 2.580935e-02 -2.259153e-05 -6.285662e-02 1.904444e-03
357            -1.794778e-04 -2.502148e+00 2.485875e-02 -1.603164e-04 -2.438908e+00 2.334440e-02 -1.916135e-05 -6.323974e-02 1.514354e-03
358            -1.879295e-04 -2.517805e+00 2.463304e-02 -1.698997e-04 -2.454306e+00 2.331995e-02 -1.802983e-05 -6.349859e-02 1.313097e-03
359            -1.835240e-04 -2.532708e+00 2.330992e-02 -1.684188e-04 -2.468835e+00 2.232778e-02 -1.510526e-05 -6.387309e-02 9.821422e-04
360            -1.942251e-04 -2.545732e+00 2.375822e-02 -1.802289e-04 -2.481586e+00 2.297608e-02 -1.399623e-05 -6.414521e-02 7.821338e-04
361            -1.833260e-04 -2.556359e+00 2.171207e-02 -1.720194e-04 -2.491743e+00 2.124417e-02 -1.130659e-05 -6.461580e-02 4.679035e-04
362            -1.821232e-04 -2.563769e+00 2.038113e-02 -1.713362e-04 -2.498848e+00 2.004584e-02 -1.078704e-05 -6.492124e-02 3.352909e-04
363            -1.543018e-04 -2.568011e+00 1.608038e-02 -1.449185e-04 -2.502727e+00 1.591165e-02 -9.383331e-06 -6.528396e-02 1.687306e-04
364            -1.391466e-04 -2.569574e+00 1.351103e-02 -1.279344e-04 -2.504121e+00 1.318680e-02 -1.121218e-05 -6.545315e-02 3.242238e-04
365            -1.029895e-04 -2.568982e+00 8.979189e-03 -8.965021e-05 -2.503403e+00 8.388264e-03 -1.333926e-05 -6.557946e-02 5.909248e-04
366            -8.235580e-05 -2.565041e+00 6.014621e-03 -6.409195e-05 -2.499563e+00 4.874783e-03 -1.826385e-05 -6.547836e-02 1.139838e-03
367            -5.094990e-05 -2.556211e+00 1.685534e-03 -2.879802e-05 -2.490860e+00 7.103363e-05 -2.215189e-05 -6.535118e-02 1.614500e-03
368            -3.051504e-05 -2.543043e+00 -1.110577e-03 -4.311188e-06 -2.478024e+00 -3.166416e-03 -2.620386e-05 -6.501981e-02 2.055839e-03
369            1.099670e-05 -2.528028e+00 -5.831049e-03 3.867417e-05 -2.463362e+00 -8.069241e-03 -2.767747e-05 -6.466583e-02 2.238192e-03
370            4.381090e-05 -2.512342e+00 -9.102703e-03 7.252817e-05 -2.448171e+00 -1.144939e-02 -2.871726e-05 -6.417037e-02 2.346683e-03
371            6.183471e-05 -2.495909e+00 -1.027913e-02 9.068508e-05 -2.432308e+00 -1.264372e-02 -2.885037e-05 -6.360135e-02 2.364587e-03
372            6.602634e-05 -2.479961e+00 -9.534863e-03 9.324164e-05 -2.416879e+00 -1.177130e-02 -2.721531e-05 -6.308177e-02 2.236441e-03
373            4.109483e-05 -2.465363e+00 -5.550120e-03 6.640000e-05 -2.402821e+00 -7.629623e-03 -2.530516e-05 -6.254192e-02 2.079503e-03
374            -3.301990e-06 -2.453250e+00 5.498239e-04 1.902187e-05 -2.391169e+00 -1.291364e-03 -2.232386e-05 -6.208170e-02 1.841187e-03
375            -6.487040e-05 -2.444032e+00 8.384136e-03 -4.595845e-05 -2.382379e+00 6.802734e-03 -1.891195e-05 -6.165304e-02 1.581402e-03
376            -1.266887e-04 -2.436817e+00 1.597703e-02 -1.119682e-04 -2.375525e+00 1.470403e-02 -1.472048e-05 -6.129267e-02 1.272999e-03
377            -1.813270e-04 -2.431449e+00 2.283161e-02 -1.711637e-04 -2.370454e+00 2.188122e-02 -1.016333e-05 -6.099440e-02 9.503861e-04
378            -2.271596e-04 -2.427602e+00 2.829455e-02 -2.224250e-04 -2.366851e+00 2.774362e-02 -4.734621e-06 -6.075134e-02 5.509231e-04
379            -2.630344e-04 -2.424893e+00 3.247666e-02 -2.641614e-04 -2.364305e+00 3.237125e-02 1.126963e-06 -6.058800e-02 1.054121e-04
380            -2.843364e-04 -2.423816e+00 3.461271e-02 -2.919904e-04 -2.363255e+00 3.503429e-02 7.653975e-06 -6.056124e-02 -4.215838e-04
381            -2.886171e-04 -2.422884e+00 3.429317e-02 -3.032127e-04 -2.362216e+00 3.530659e-02 1.459556e-05 -6.066834e-02 -1.013418e-03
382            -2.721725e-04 -2.422817e+00 3.085567e-02 -2.939552e-04 -2.361896e+00 3.250473e-02 2.178269e-05 -6.092109e-02 -1.649067e-03
383            -2.326402e-04 -2.424542e+00 2.405074e-02 -2.614786e-04 -2.363242e+00 2.635032e-02 2.883835e-05 -6.129940e-02 -2.299582e-03
384            -1.757469e-04 -2.427578e+00 1.511445e-02 -2.105120e-04 -2.365818e+00 1.796705e-02 3.476511e-05 -6.176062e-02 -2.852600e-03
385            -8.941103e-05 -2.432321e+00 2.630531e-03 -1.295876e-04 -2.369945e+00 5.963552e-03 4.017657e-05 -6.237651e-02 -3.333021e-03
386            9.758399e-08 -2.440537e+00 -1.022213e-02 -4.283603e-05 -2.377570e+00 -6.649067e-03 4.293361e-05 -6.296699e-02 -3.573066e-03
387            1.106016e-04 -2.451307e+00 -2.484617e-02 6.530561e-05 -2.387609e+00 -2.109551e-02 4.529595e-05 -6.369826e-02 -3.750666e-03
388            2.082660e-04 -2.463475e+00 -3.753350e-02 1.635405e-04 -2.399103e+00 -3.385639e-02 4.472546e-05 -6.437225e-02 -3.677114e-03
389            3.037940e-04 -2.478316e+00 -4.952586e-02 2.600270e-04 -2.413175e+00 -4.597511e-02 4.376701e-05 -6.514089e-02 -3.550758e-03
390            3.631547e-04 -2.495907e+00 -5.711430e-02 3.229635e-04 -2.430147e+00 -5.391484e-02 4.019119e-05 -6.575990e-02 -3.199459e-03
391            4.217509e-04 -2.514545e+00 -6.415709e-02 3.845569e-04 -2.448180e+00 -6.127282e-02 3.719396e-05 -6.636423e-02 -2.884276e-03
392            4.572255e-04 -2.533504e+00 -6.812943e-02 4.245106e-04 -2.466728e+00 -6.567153e-02 3.271482e-05 -6.677557e-02 -2.457895e-03
393            4.750267e-04 -2.553324e+00 -7.002287e-02 4.456430e-04 -2.486157e+00 -6.790167e-02 2.938363e-05 -6.716672e-02 -2.121202e-03
394            4.755596e-04 -2.573237e+00 -7.023696e-02 4.497549e-04 -2.505908e+00 -6.843309e-02 2.580474e-05 -6.732947e-02 -1.803867e-03
395            4.687147e-04 -2.592941e+00 -6.974535e-02 4.451021e-04 -2.525495e+00 -6.811315e-02 2.361256e-05 -6.744612e-02 -1.632208e-03
396            4.325822e-04 -2.611811e+00 -6.612912e-02 4.117548e-04 -2.544460e+00 -6.467233e-02 2.082743e-05 -6.735096e-02 -1.456793e-03
397            4.028991e-04 -2.629511e+00 -6.345162e-02 3.826717e-04 -2.562308e+00 -6.193065e-02 2.022737e-05 -6.720292e-02 -1.520961e-03
398            3.490271e-04 -2.644387e+00 -5.883254e-02 3.295222e-04 -2.577565e+00 -5.721243e-02 1.950489e-05 -6.682178e-02 -1.620112e-03
399            2.907400e-04 -2.655358e+00 -5.507099e-02 2.716394e-04 -2.589034e+00 -5.329200e-02 1.910054e-05 -6.632375e-02 -1.778993e-03
400            2.257828e-04 -2.663164e+00 -5.131991e-02 2.081053e-04 -2.597426e+00 -4.952907e-02 1.767749e-05 -6.573840e-02 -1.790845e-03
401            1.650061e-04 -2.667419e+00 -4.831250e-02 1.508020e-04 -2.602397e+00 -4.679264e-02 1.420406e-05 -6.502179e-02 -1.519854e-03
402            1.252300e-04 -2.666576e+00 -4.717501e-02 1.160592e-04 -2.602263e+00 -4.615313e-02 9.170791e-06 -6.431290e-02 -1.021874e-03
403            1.207255e-04 -2.658766e+00 -4.833332e-02 1.174635e-04 -2.595130e+00 -4.793331e-02 3.261920e-06 -6.363544e-02 -4.000135e-04
404            1.368401e-04 -2.645078e+00 -5.044209e-02 1.401519e-04 -2.582113e+00 -5.072666e-02 -3.311824e-06 -6.296554e-02 2.845737e-04
405            1.587443e-04 -2.627363e+00 -5.289991e-02 1.685465e-04 -2.565009e+00 -5.383412e-02 -9.802232e-06 -6.235466e-02 9.342021e-04
406            1.634660e-04 -2.606094e+00 -5.324236e-02 1.793981e-04 -2.544266e+00 -5.476721e-02 -1.593208e-05 -6.182811e-02 1.524852e-03
407            1.545477e-04 -2.582418e+00 -5.174869e-02 1.758677e-04 -2.521013e+00 -5.377876e-02 -2.131994e-05 -6.140539e-02 2.030074e-03
408            1.298352e-04 -2.556563e+00 -4.802766e-02 1.558411e-04 -2.495469e+00 -5.048789e-02 -2.600598e-05 -6.109406e-02 2.460222e-03
409            9.264463e-05 -2.529752e+00 -4.270481e-02 1.225579e-04 -2.468877e+00 -4.551986e-02 -2.991327e-05 -6.087476e-02 2.815045e-03
410            4.301587e-05 -2.502705e+00 -3.583997e-02 7.648991e-05 -2.441957e+00 -3.899635e-02 -3.347404e-05 -6.074853e-02 3.156379e-03
411            -1.429856e-05 -2.474961e+00 -2.774326e-02 2.161281e-05 -2.414289e+00 -3.114501e-02 -3.591136e-05 -6.067248e-02 3.401753e-03
412            -8.090548e-05 -2.452837e+00 -1.791169e-02 -4.279019e-05 -2.392163e+00 -2.155434e-02 -3.811529e-05 -6.067407e-02 3.642644e-03
413            -1.458788e-04 -2.434666e+00 -8.028111e-03 -1.067093e-04 -2.374010e+00 -1.181931e-02 -3.916950e-05 -6.065643e-02 3.791196e-03
414            -2.245235e-04 -2.418997e+00 3.537029e-03 -1.846035e-04 -2.358393e+00 -3.511852e-04 -3.991996e-05 -6.060337e-02 3.888214e-03
415            -2.889896e-04 -2.408543e+00 1.426407e-02 -2.495633e-04 -2.347961e+00 1.037991e-02 -3.942629e-05 -6.058175e-02 3.884162e-03
416            -3.568882e-04 -2.401239e+00 2.539758e-02 -3.184179e-04 -2.340736e+00 2.161051e-02 -3.847025e-05 -6.050299e-02 3.787071e-03
417            -4.054633e-04 -2.396561e+00 3.419586e-02 -3.689751e-04 -2.335995e+00 3.056733e-02 -3.648816e-05 -6.056610e-02 3.628530e-03
418            -4.401981e-04 -2.396293e+00 4.152352e-02 -4.057508e-04 -2.335679e+00 3.810063e-02 -3.444730e-05 -6.061486e-02 3.422892e-03
419            -4.381315e-04 -2.399578e+00 4.458365e-02 -4.067369e-04 -2.338723e+00 4.143737e-02 -3.139462e-05 -6.085565e-02 3.146280e-03
420            -4.268475e-04 -2.404906e+00 4.593130e-02 -3.980023e-04 -2.343877e+00 4.304971e-02 -2.884525e-05 -6.102903e-02 2.881597e-03
421            -3.826146e-04 -2.413160e+00 4.288688e-02 -3.576304e-04 -2.351867e+00 4.038940e-02 -2.498420e-05 -6.129302e-02 2.497480e-03
422            -3.330374e-04 -2.424481e+00 3.869030e-02 -3.106963e-04 -2.363035e+00 3.649721e-02 -2.234110e-05 -6.144622e-02 2.193085e-03
423            -2.586687e-04 -2.438872e+00 3.122178e-02 -2.398860e-04 -2.377218e+00 2.940801e-02 -1.878276e-05 -6.165361e-02 1.813763e-03
424            -1.942330e-04 -2.455250e+00 2.426433e-02 -1.776990e-04 -2.393547e+00 2.275637e-02 -1.653397e-05 -6.170250e-02 1.507955e-03
425            -1.128268e-04 -2.472587e+00 1.481976e-02 -1.000389e-04 -2.410800e+00 1.376873e-02 -1.278796e-05 -6.178702e-02 1.051031e-03
426            -5.157306e-05 -2.491360e+00 6.946707e-03 -4.055155e-05 -2.429677e+00 6.191575e-03 -1.102151e-05 -6.168244e-02 7.551320e-04
427            1.681170e-05 -2.511746e+00 -2.170647e-03 2.552675e-05 -2.450115e+00 -2.581218e-03 -8.715059e-06 -6.163060e-02 4.105707e-04
428            5.608906e-05 -2.532626e+00 -8.076500e-03 6.535766e-05 -2.471254e+00 -8.396202e-03 -9.268591e-06 -6.137217e-02 3.197022e-04
429            9.773267e-05 -2.551617e+00 -1.409699e-02 1.079294e-04 -2.490490e+00 -1.440792e-02 -1.019670e-05 -6.112772e-02 3.109248e-04
430            1.038011e-04 -2.565152e+00 -1.655061e-02 1.184594e-04 -2.504460e+00 -1.718483e-02 -1.465828e-05 -6.069129e-02 6.342218e-04
431            1.049677e-04 -2.571027e+00 -1.912151e-02 1.249417e-04 -2.510754e+00 -2.020570e-02 -1.997405e-05 -6.027269e-02 1.084196e-03
432            8.856830e-05 -2.569061e+00 -2.035283e-02 1.157956e-04 -2.509228e+00 -2.212021e-02 -2.722734e-05 -5.983303e-02 1.767386e-03
433            6.543983e-05 -2.561109e+00 -2.085374e-02 1.010796e-04 -2.501706e+00 -2.346174e-02 -3.563974e-05 -5.940247e-02 2.608000e-03
434            4.213845e-05 -2.549651e+00 -2.064946e-02 8.586534e-05 -2.490596e+00 -2.412686e-02 -4.372689e-05 -5.905534e-02 3.477395e-03
435            3.776142e-06 -2.535957e+00 -1.769005e-02 5.559895e-05 -2.477199e+00 -2.206813e-02 -5.182281e-05 -5.875851e-02 4.378082e-03
436            -4.360702e-05 -2.521083e+00 -1.222026e-02 1.450617e-05 -2.462461e+00 -1.735412e-02 -5.811319e-05 -5.862201e-02 5.133861e-03
437            -1.048048e-04 -2.507380e+00 -3.826975e-03 -4.217339e-05 -2.448721e+00 -9.544869e-03 -6.263139e-05 -5.865895e-02 5.717894e-03
438            -1.766864e-04 -2.497710e+00 7.156700e-03 -1.112390e-04 -2.438829e+00 1.015280e-03 -6.544739e-05 -5.888100e-02 6.141420e-03
439            -2.551079e-04 -2.492731e+00 1.993772e-02 -1.896927e-04 -2.433449e+00 1.368193e-02 -6.541521e-05 -5.928152e-02 6.255784e-03
440            -3.266542e-04 -2.492347e+00 3.257612e-02 -2.639915e-04 -2.432524e+00 2.651518e-02 -6.266270e-05 -5.982325e-02 6.060940e-03
441            -4.022469e-04 -2.496408e+00 4.583390e-02 -3.452777e-04 -2.435931e+00 4.032599e-02 -5.696920e-05 -6.047654e-02 5.507911e-03
442            -4.577211e-04 -2.506336e+00 5.650704e-02 -4.084074e-04 -2.445056e+00 5.178652e-02 -4.931376e-05 -6.127991e-02 4.720519e-03
443            -5.031149e-04 -2.521145e+00 6.492928e-02 -4.620700e-04 -2.458976e+00 6.107471e-02 -4.104498e-05 -6.216902e-02 3.854569e-03
444            -4.927347e-04 -2.539084e+00 6.568312e-02 -4.605423e-04 -2.475877e+00 6.272215e-02 -3.219241e-05 -6.320682e-02 2.960977e-03
445            -4.610187e-04 -2.560383e+00 6.313771e-02 -4.367433e-04 -2.496137e+00 6.092034e-02 -2.427533e-05 -6.424594e-02 2.217363e-03
446            -4.162592e-04 -2.582068e+00 5.823180e-02 -3.988957e-04 -2.516893e+00 5.663029e-02 -1.736348e-05 -6.517448e-02 1.601504e-03
447            -3.556633e-04 -2.604497e+00 5.126213e-02 -3.447936e-04 -2.538567e+00 5.020381e-02 -1.086971e-05 -6.593075e-02 1.058317e-03
448            -3.008170e-04 -2.627659e+00 4.496100e-02 -2.944367e-04 -2.561356e+00 4.427656e-02 -6.380297e-06 -6.630292e-02 6.844436e-04
449            -2.303651e-04 -2.651445e+00 3.702660e-02 -2.289153e-04 -2.584982e+00 3.676751e-02 -1.449842e-06 -6.646342e-02 2.590925e-04
450            -1.611850e-04 -2.674766e+00 2.955166e-02 -1.639798e-04 -2.608448e+00 2.969509e-02 2.794800e-06 -6.631807e-02 -1.434243e-04
451            -9.165565e-05 -2.695615e+00 2.239581e-02 -9.813201e-05 -2.629621e+00 2.289744e-02 6.476360e-06 -6.599335e-02 -5.016291e-04
452            -2.660499e-05 -2.712887e+00 1.619060e-02 -3.638786e-05 -2.647423e+00 1.702728e-02 9.782865e-06 -6.546418e-02 -8.366870e-04
453            2.118971e-05 -2.724338e+00 1.252557e-02 8.989702e-06 -2.659544e+00 1.357920e-02 1.220001e-05 -6.479433e-02 -1.053638e-03
454            3.890648e-05 -2.728372e+00 1.225777e-02 2.545052e-05 -2.664392e+00 1.339166e-02 1.345595e-05 -6.398006e-02 -1.133890e-03
455            2.864776e-06 -2.724133e+00 1.725874e-02 -1.090908e-05 -2.661091e+00 1.834127e-02 1.377386e-05 -6.304213e-02 -1.082528e-03
456            -7.600890e-05 -2.711140e+00 2.626847e-02 -9.029963e-05 -2.649094e+00 2.730508e-02 1.429072e-05 -6.204650e-02 -1.036608e-03
457            -1.810319e-04 -2.689646e+00 3.649653e-02 -1.969340e-04 -2.628639e+00 3.761690e-02 1.590203e-05 -6.100761e-02 -1.120372e-03
458            -2.754665e-04 -2.661685e+00 4.480445e-02 -2.957097e-04 -2.601584e+00 4.627938e-02 2.024313e-05 -6.010120e-02 -1.474930e-03
459            -3.443434e-04 -2.629377e+00 4.948226e-02 -3.704498e-04 -2.570049e+00 5.150987e-02 2.610641e-05 -5.932878e-02 -2.027607e-03
460            -3.661888e-04 -2.595668e+00 4.865913e-02 -3.996993e-04 -2.536854e+00 5.145794e-02 3.351050e-05 -5.881453e-02 -2.798812e-03
461            -3.313174e-04 -2.563239e+00 4.125506e-02 -3.726171e-04 -2.504664e+00 4.494667e-02 4.129967e-05 -5.857474e-02 -3.691612e-03
462            -2.353048e-04 -2.534891e+00 2.695896e-02 -2.841070e-04 -2.476247e+00 3.155209e-02 4.880221e-05 -5.864474e-02 -4.593135e-03
463            -9.985515e-05 -2.512073e+00 8.219857e-03 -1.537747e-04 -2.453166e+00 1.351467e-02 5.391959e-05 -5.890711e-02 -5.294808e-03
464            6.573459e-05 -2.495219e+00 -1.343569e-02 8.458048e-06 -2.435874e+00 -7.647026e-03 5.727655e-05 -5.934461e-02 -5.788664e-03
465            2.277822e-04 -2.483884e+00 -3.426445e-02 1.701350e-04 -2.424087e+00 -2.829124e-02 5.764723e-05 -5.979763e-02 -5.973210e-03
466            3.809264e-04 -2.477342e+00 -5.356689e-02 3.244055e-04 -2.416983e+00 -4.761572e-02 5.652082e-05 -6.035951e-02 -5.951174e-03
467            5.096277e-04 -2.474896e+00 -7.047025e-02 4.572263e-04 -2.414047e+00 -6.487929e-02 5.240135e-05 -6.084914e-02 -5.590953e-03
468            5.902852e-04 -2.475838e+00 -8.183360e-02 5.443600e-04 -2.414624e+00 -7.687262e-02 4.592526e-05 -6.121434e-02 -4.960979e-03
469            6.237411e-04 -2.479714e+00 -8.803206e-02 5.851940e-04 -2.418200e+00 -8.385145e-02 3.854709e-05 -6.151428e-02 -4.180610e-03
470            5.911565e-04 -2.485976e+00 -8.646856e-02 5.605470e-04 -2.424323e+00 -8.315376e-02 3.060947e-05 -6.165313e-02 -3.314803e-03
471            5.011498e-04 -2.492717e+00 -7.767605e-02 4.774631e-04 -2.431015e+00 -7.512158e-02 2.368673e-05 -6.170205e-02 -2.554477e-03
472            3.722063e-04 -2.499631e+00 -6.363272e-02 3.533360e-04 -2.437871e+00 -6.162548e-02 1.887034e-05 -6.175991e-02 -2.007235e-03
473            2.124807e-04 -2.506308e+00 -4.504542e-02 1.978824e-04 -2.444615e+00 -4.350106e-02 1.459828e-05 -6.169377e-02 -1.544363e-03
474            6.175444e-05 -2.512447e+00 -2.672092e-02 4.920392e-05 -2.450761e+00 -2.542345e-02 1.255052e-05 -6.168614e-02 -1.297466e-03
475            -8.422100e-05 -2.517520e+00 -8.726492e-03 -9.419582e-05 -2.455942e+00 -7.710477e-03 9.974818e-06 -6.157793e-02 -1.016015e-03
476            -1.767926e-04 -2.522020e+00 3.370164e-03 -1.858731e-04 -2.460477e+00 4.236679e-03 9.080493e-06 -6.154323e-02 -8.665147e-04
477            -2.250993e-04 -2.526251e+00 1.034700e-02 -2.328650e-04 -2.464862e+00 1.103735e-02 7.765716e-06 -6.138877e-02 -6.903517e-04
478            -2.021213e-04 -2.530760e+00 9.072969e-03 -2.108482e-04 -2.469506e+00 9.817171e-03 8.726963e-06 -6.125387e-02 -7.442017e-04
479            -1.419970e-04 -2.535864e+00 3.612839e-03 -1.529453e-04 -2.474835e+00 4.564519e-03 1.094827e-05 -6.102851e-02 -9.516796e-04
480            -5.474200e-05 -2.541440e+00 -4.368235e-03 -7.036143e-05 -2.480604e+00 -2.959079e-03 1.561942e-05 -6.083650e-02 -1.409156e-03
481            1.611761e-05 -2.546923e+00 -9.956160e-03 -4.433021e-06 -2.486326e+00 -8.019867e-03 2.055063e-05 -6.059719e-02 -1.936292e-03
482            7.277577e-05 -2.550443e+00 -1.327700e-02 4.521177e-05 -2.490028e+00 -1.059356e-02 2.756400e-05 -6.041494e-02 -2.683434e-03
483            1.021657e-04 -2.549502e+00 -1.387542e-02 6.768886e-05 -2.489392e+00 -1.041417e-02 3.447686e-05 -6.010957e-02 -3.461251e-03
484            1.099069e-04 -2.543165e+00 -1.287705e-02 6.753163e-05 -2.483341e+00 -8.545400e-03 4.237528e-05 -5.982431e-02 -4.331649e-03
485            8.813444e-05 -2.532178e+00 -9.628167e-03 3.858926e-05 -2.472755e+00 -4.490037e-03 4.954518e-05 -5.942270e-02 -5.138131e-03
486            5.060309e-05 -2.518021e+00 -5.333130e-03 -6.608622e-06 -2.458971e+00 6.258999e-04 5.721172e-05 -5.904963e-02 -5.959030e-03
487            -1.656947e-05 -2.501160e+00 1.289694e-03 -7.950278e-05 -2.442510e+00 7.867368e-03 6.293331e-05 -5.864959e-02 -6.577674e-03
488            -7.707969e-05 -2.483567e+00 6.305528e-03 -1.448361e-04 -2.425127e+00 1.335507e-02 6.775639e-05 -5.843930e-02 -7.049543e-03
489            -1.357200e-04 -2.467333e+00 1.073168e-02 -2.052287e-04 -2.409017e+00 1.792363e-02 6.950871e-05 -5.831648e-02 -7.191945e-03
490            -1.557082e-04 -2.454775e+00 1.084462e-02 -2.264164e-04 -2.396300e+00 1.809304e-02 7.070816e-05 -5.847568e-02 -7.248423e-03
491            -1.627285e-04 -2.446645e+00 9.718842e-03 -2.321576e-04 -2.387861e+00 1.676677e-02 6.942915e-05 -5.878434e-02 -7.047927e-03
492            -1.059586e-04 -2.443986e+00 1.989290e-03 -1.735355e-04 -2.384620e+00 8.754958e-03 6.757683e-05 -5.936622e-02 -6.765668e-03
493            -1.799420e-05 -2.449325e+00 -9.409509e-03 -8.190271e-05 -2.389287e+00 -3.084870e-03 6.390851e-05 -6.003802e-02 -6.324639e-03
494            9.579025e-05 -2.461032e+00 -2.338108e-02 3.568347e-05 -2.400243e+00 -1.748254e-02 6.010678e-05 -6.078869e-02 -5.898546e-03
495            2.101560e-04 -2.477826e+00 -3.734968e-02 1.558087e-04 -2.416326e+00 -3.200361e-02 5.434727e-05 -6.150023e-02 -5.346067e-03
496            3.297351e-04 -2.499448e+00 -5.236341e-02 2.821148e-04 -2.437090e+00 -4.763437e-02 4.762029e-05 -6.235811e-02 -4.729040e-03
497            4.139042e-04 -2.526494e+00 -6.408627e-02 3.759403e-04 -2.463317e+00 -6.019548e-02 3.796387e-05 -6.317754e-02 -3.890784e-03
498            4.621367e-04 -2.555572e+00 -7.185297e-02 4.359690e-04 -2.491637e+00 -6.900006e-02 2.616765e-05 -6.393454e-02 -2.852912e-03
499            4.778918e-04 -2.586461e+00 -7.622954e-02 4.642264e-04 -2.521943e+00 -7.451162e-02 1.366540e-05 -6.451808e-02 -1.717917e-03
500            4.543862e-04 -2.617342e+00 -7.628816e-02 4.539723e-04 -2.552589e+00 -7.581806e-02 4.139418e-07 -6.475232e-02 -4.700957e-04
