# Moment      
# CofR        : (-1.000000e+01 0.000000e+00 0.000000e+00)
#
# Time        	total_x total_y total_z	pressure_x pressure_y pressure_z	viscous_x viscous_y viscous_z
1              -5.410752e-06 -1.805802e+02 4.811245e-02 -4.974058e-06 -1.806047e+02 4.806794e-02 -4.366942e-07 2.453816e-02 4.451349e-05
2              -1.758027e-03 -4.931606e+01 3.346575e-01 -1.706728e-03 -5.031309e+01 3.300763e-01 -5.129989e-05 9.970371e-01 4.581123e-03
3              -1.784925e-02 5.169514e+01 4.800040e+00 -1.785469e-02 5.082604e+01 4.788581e+00 5.444078e-06 8.691003e-01 1.145991e-02
4              2.079745e-03 1.671473e+02 2.650166e+00 2.053579e-03 1.669291e+02 2.653581e+00 2.616579e-05 2.181518e-01 -3.414952e-03
5              8.184309e-03 4.089072e+01 1.136485e+00 8.176483e-03 4.098374e+01 1.134653e+00 7.825427e-06 -9.302500e-02 1.831811e-03
6              -2.482061e-03 -6.624542e+01 2.353708e+00 -2.450396e-03 -6.602669e+01 2.339310e+00 -3.166474e-05 -2.187274e-01 1.439845e-02
7              -7.172454e-03 -1.055019e+02 1.981559e+00 -7.156695e-03 -1.050660e+02 1.972215e+00 -1.575820e-05 -4.358832e-01 9.343964e-03
8              -6.213356e-03 -7.807671e+01 1.411649e+00 -6.175021e-03 -7.752613e+01 1.400268e+00 -3.833465e-05 -5.505814e-01 1.138076e-02
9              -4.862602e-03 -3.991194e+01 1.002472e+00 -4.738222e-03 -3.948607e+01 9.987752e-01 -1.243800e-04 -4.258674e-01 3.696900e-03
10             -4.008599e-03 4.025391e+00 1.642888e-01 -3.938948e-03 4.162341e+00 1.750001e-01 -6.965111e-05 -1.369502e-01 -1.071128e-02
11             -2.954514e-03 3.429105e+01 -7.386210e-01 -2.899840e-03 3.433085e+01 -7.170684e-01 -5.467435e-05 -3.980049e-02 -2.155263e-02
12             -2.361388e-03 5.686673e+01 -1.463517e+00 -2.363954e-03 5.679660e+01 -1.448196e+00 2.565434e-06 7.012470e-02 -1.532132e-02
13             2.777183e-03 6.551298e+01 -2.535049e+00 2.773495e-03 6.541476e+01 -2.534010e+00 3.687660e-06 9.822268e-02 -1.038685e-03
14             7.414008e-03 6.360219e+01 -3.407308e+00 7.360061e-03 6.348243e+01 -3.418486e+00 5.394646e-05 1.197579e-01 1.117799e-02
15             1.098269e-02 5.671630e+01 -3.880347e+00 1.093372e-02 5.654553e+01 -3.888496e+00 4.896222e-05 1.707721e-01 8.149761e-03
16             1.517726e-02 4.875244e+01 -4.306902e+00 1.510426e-02 4.855892e+01 -4.329431e+00 7.299946e-05 1.935229e-01 2.252916e-02
17             1.754531e-02 4.158776e+01 -4.267480e+00 1.751894e-02 4.139426e+01 -4.296064e+00 2.636641e-05 1.934999e-01 2.858346e-02
18             1.916944e-02 3.668143e+01 -4.173144e+00 1.912132e-02 3.651664e+01 -4.197272e+00 4.812191e-05 1.647842e-01 2.412753e-02
19             2.035038e-02 3.291047e+01 -4.273118e+00 2.032403e-02 3.276569e+01 -4.293371e+00 2.635401e-05 1.447767e-01 2.025326e-02
20             1.949694e-02 2.854491e+01 -4.084926e+00 1.948632e-02 2.841839e+01 -4.101418e+00 1.062791e-05 1.265196e-01 1.649204e-02
21             1.692313e-02 2.199632e+01 -3.639806e+00 1.692634e-02 2.189209e+01 -3.651217e+00 -3.209447e-06 1.042372e-01 1.141183e-02
22             1.214871e-02 1.366922e+01 -2.738151e+00 1.217668e-02 1.358797e+01 -2.748102e+00 -2.796578e-05 8.124954e-02 9.951455e-03
23             5.951290e-03 5.640531e+00 -1.538794e+00 6.001867e-03 5.597601e+00 -1.550504e+00 -5.057757e-05 4.293025e-02 1.171040e-02
24             4.012987e-04 5.420689e-01 -3.914661e-01 4.831450e-04 5.199465e-01 -4.119252e-01 -8.184631e-05 2.212242e-02 2.045906e-02
25             -3.651739e-03 -2.146309e+00 4.683130e-01 -3.574478e-03 -2.145980e+00 4.493831e-01 -7.726170e-05 -3.281740e-04 1.892986e-02
26             -6.007755e-03 -3.083127e+00 9.860901e-01 -5.927093e-03 -3.072810e+00 9.621968e-01 -8.066215e-05 -1.031778e-02 2.389334e-02
27             -6.944851e-03 -3.193222e+00 1.158657e+00 -6.873712e-03 -3.173734e+00 1.138329e+00 -7.113902e-05 -1.948808e-02 2.032819e-02
28             -6.801956e-03 -3.190725e+00 1.097710e+00 -6.717039e-03 -3.169412e+00 1.076054e+00 -8.491723e-05 -2.131284e-02 2.165567e-02
29             -5.620896e-03 -3.142226e+00 8.341629e-01 -5.534463e-03 -3.117654e+00 8.149066e-01 -8.643355e-05 -2.457286e-02 1.925634e-02
30             -4.326225e-03 -2.774640e+00 6.124763e-01 -4.232398e-03 -2.754239e+00 5.901122e-01 -9.382691e-05 -2.040109e-02 2.236405e-02
31             -3.874205e-03 -2.216841e+00 5.956282e-01 -3.771559e-03 -2.198008e+00 5.743831e-01 -1.026461e-04 -1.883309e-02 2.124512e-02
32             -4.394412e-03 -1.466007e+00 8.246829e-01 -4.271809e-03 -1.453624e+00 8.006954e-01 -1.226027e-04 -1.238285e-02 2.398756e-02
33             -5.459394e-03 -7.517313e-01 1.217108e+00 -5.313506e-03 -7.439743e-01 1.190732e+00 -1.458879e-04 -7.756993e-03 2.637535e-02
34             -6.644886e-03 -2.367634e-01 1.665373e+00 -6.462536e-03 -2.324292e-01 1.631471e+00 -1.823499e-04 -4.334293e-03 3.390182e-02
35             -7.668669e-03 -6.891696e-02 2.041745e+00 -7.457774e-03 -6.589550e-02 2.003328e+00 -2.108958e-04 -3.021462e-03 3.841728e-02
36             -8.356735e-03 -2.680670e-01 2.254732e+00 -8.118701e-03 -2.652078e-01 2.211620e+00 -2.380342e-04 -2.859197e-03 4.311121e-02
37             -8.633867e-03 -6.846876e-01 2.311165e+00 -8.376670e-03 -6.789686e-01 2.265413e+00 -2.571967e-04 -5.718944e-03 4.575193e-02
38             -8.476156e-03 -1.133953e+00 2.253498e+00 -8.206980e-03 -1.127781e+00 2.204667e+00 -2.691756e-04 -6.171797e-03 4.883044e-02
39             -8.113752e-03 -1.518576e+00 2.162176e+00 -7.841592e-03 -1.509862e+00 2.111545e+00 -2.721602e-04 -8.713975e-03 5.063074e-02
40             -7.701834e-03 -1.774932e+00 2.078809e+00 -7.437607e-03 -1.765027e+00 2.027225e+00 -2.642268e-04 -9.905381e-03 5.158416e-02
41             -7.271469e-03 -1.876394e+00 1.982518e+00 -7.020631e-03 -1.865791e+00 1.931830e+00 -2.508372e-04 -1.060379e-02 5.068868e-02
42             -6.921330e-03 -1.878739e+00 1.871630e+00 -6.691853e-03 -1.867953e+00 1.823600e+00 -2.294771e-04 -1.078585e-02 4.803039e-02
43             -6.599133e-03 -1.838860e+00 1.735547e+00 -6.395315e-03 -1.828895e+00 1.691632e+00 -2.038175e-04 -9.965134e-03 4.391416e-02
44             -6.167662e-03 -1.822317e+00 1.560408e+00 -5.994087e-03 -1.814658e+00 1.522529e+00 -1.735744e-04 -7.659402e-03 3.787915e-02
45             -5.487292e-03 -1.842215e+00 1.351912e+00 -5.341938e-03 -1.836672e+00 1.320262e+00 -1.453536e-04 -5.543520e-03 3.165003e-02
46             -4.467388e-03 -1.885124e+00 1.110890e+00 -4.352666e-03 -1.882074e+00 1.086370e+00 -1.147224e-04 -3.049388e-03 2.451946e-02
47             -3.106238e-03 -1.913583e+00 8.395404e-01 -3.018661e-03 -1.912069e+00 8.219107e-01 -8.757686e-05 -1.513893e-03 1.762966e-02
48             -1.585905e-03 -1.922562e+00 5.582754e-01 -1.525113e-03 -1.922084e+00 5.477723e-01 -6.079201e-05 -4.781759e-04 1.050308e-02
49             -9.237722e-05 -1.942747e+00 2.954216e-01 -5.463280e-05 -1.942343e+00 2.912769e-01 -3.774441e-05 -4.038718e-04 4.144684e-03
50             1.232539e-03 -1.924822e+00 6.704775e-02 1.249144e-03 -1.923742e+00 6.817390e-02 -1.660493e-05 -1.080059e-03 -1.126145e-03
51             2.328621e-03 -1.883198e+00 -1.213532e-01 2.328817e-03 -1.880976e+00 -1.163137e-01 -1.959860e-07 -2.222030e-03 -5.039490e-03
52             3.154307e-03 -1.846789e+00 -2.677707e-01 3.139660e-03 -1.843416e+00 -2.597514e-01 1.464693e-05 -3.372179e-03 -8.019267e-03
53             3.661337e-03 -1.838680e+00 -3.701885e-01 3.635991e-03 -1.834263e+00 -3.602014e-01 2.534556e-05 -4.417061e-03 -9.987086e-03
54             3.821016e-03 -1.904026e+00 -4.229313e-01 3.787278e-03 -1.898075e+00 -4.112503e-01 3.373768e-05 -5.950764e-03 -1.168098e-02
55             3.598956e-03 -2.014280e+00 -4.165796e-01 3.561876e-03 -2.006686e+00 -4.041746e-01 3.707972e-05 -7.593864e-03 -1.240497e-02
56             3.023341e-03 -2.180609e+00 -3.449135e-01 2.985645e-03 -2.170289e+00 -3.319320e-01 3.769596e-05 -1.031993e-02 -1.298151e-02
57             2.170933e-03 -2.380513e+00 -2.122824e-01 2.137974e-03 -2.366734e+00 -1.998288e-01 3.295900e-05 -1.377967e-02 -1.245356e-02
58             1.163731e-03 -2.611315e+00 -3.532504e-02 1.138051e-03 -2.593247e+00 -2.401780e-02 2.568009e-05 -1.806844e-02 -1.130724e-02
59             1.248160e-04 -2.802189e+00 1.577369e-01 1.105707e-04 -2.779361e+00 1.670439e-01 1.424531e-05 -2.282823e-02 -9.307065e-03
60             -8.292227e-04 -2.935244e+00 3.387816e-01 -8.319162e-04 -2.907400e+00 3.458664e-01 2.693498e-06 -2.784452e-02 -7.084826e-03
61             -1.628415e-03 -2.986231e+00 4.875449e-01 -1.618639e-03 -2.953511e+00 4.921527e-01 -9.775976e-06 -3.271986e-02 -4.607741e-03
62             -2.260489e-03 -2.940804e+00 5.964426e-01 -2.240154e-03 -2.903583e+00 5.987875e-01 -2.033479e-05 -3.722127e-02 -2.344864e-03
63             -2.723074e-03 -2.807649e+00 6.658719e-01 -2.692394e-03 -2.766596e+00 6.660186e-01 -3.067998e-05 -4.105253e-02 -1.467367e-04
64             -3.010346e-03 -2.611498e+00 7.003043e-01 -2.971427e-03 -2.567422e+00 6.986496e-01 -3.891906e-05 -4.407574e-02 1.654676e-03
65             -3.143196e-03 -2.375524e+00 7.081904e-01 -3.097589e-03 -2.329399e+00 7.049015e-01 -4.560709e-05 -4.612534e-02 3.288887e-03
66             -3.175367e-03 -2.098688e+00 7.034661e-01 -3.125443e-03 -2.051324e+00 6.988688e-01 -4.992430e-05 -4.736399e-02 4.597230e-03
67             -3.097457e-03 -1.867529e+00 6.791018e-01 -3.045441e-03 -1.819668e+00 6.734210e-01 -5.201592e-05 -4.786021e-02 5.680825e-03
68             -2.933688e-03 -1.692919e+00 6.375209e-01 -2.882190e-03 -1.644896e+00 6.311668e-01 -5.149850e-05 -4.802390e-02 6.354045e-03
69             -2.700496e-03 -1.588875e+00 5.787925e-01 -2.651429e-03 -1.540987e+00 5.720902e-01 -4.906690e-05 -4.788840e-02 6.702358e-03
70             -2.415019e-03 -1.566324e+00 5.050630e-01 -2.370447e-03 -1.518429e+00 4.984928e-01 -4.457194e-05 -4.789437e-02 6.570136e-03
71             -2.093625e-03 -1.622923e+00 4.212284e-01 -2.054634e-03 -1.574888e+00 4.150646e-01 -3.899070e-05 -4.803508e-02 6.163797e-03
72             -1.753160e-03 -1.745916e+00 3.340892e-01 -1.721024e-03 -1.697323e+00 3.286856e-01 -3.213663e-05 -4.859262e-02 5.403525e-03
73             -1.411267e-03 -1.912740e+00 2.501997e-01 -1.385913e-03 -1.863412e+00 2.455847e-01 -2.535396e-05 -4.932779e-02 4.614992e-03
74             -1.082692e-03 -2.099305e+00 1.740267e-01 -1.064478e-03 -2.049009e+00 1.703427e-01 -1.821401e-05 -5.029620e-02 3.684065e-03
75             -7.820144e-04 -2.280301e+00 1.084337e-01 -7.699040e-04 -2.229026e+00 1.055390e-01 -1.211032e-05 -5.127418e-02 2.894693e-03
76             -5.215533e-04 -2.430862e+00 5.465780e-02 -5.150091e-04 -2.378691e+00 5.254719e-02 -6.544173e-06 -5.217083e-02 2.110615e-03
77             -3.074522e-04 -2.540998e+00 1.320959e-02 -3.049744e-04 -2.488196e+00 1.167176e-02 -2.477863e-06 -5.280279e-02 1.537828e-03
78             -1.409488e-04 -2.599542e+00 -1.693118e-02 -1.415759e-04 -2.546475e+00 -1.797758e-02 6.270796e-07 -5.306679e-02 1.046395e-03
79             -2.361590e-05 -2.597960e+00 -3.672243e-02 -2.583858e-05 -2.545058e+00 -3.748348e-02 2.222683e-06 -5.290258e-02 7.610483e-04
80             5.121350e-05 -2.548591e+00 -4.835249e-02 4.822592e-05 -2.496249e+00 -4.890251e-02 2.987578e-06 -5.234213e-02 5.500290e-04
81             9.128554e-05 -2.469381e+00 -5.365076e-02 8.848686e-05 -2.417904e+00 -5.412477e-02 2.798675e-06 -5.147663e-02 4.740093e-04
82             1.069841e-04 -2.383774e+00 -5.472872e-02 1.046922e-04 -2.333317e+00 -5.515412e-02 2.291965e-06 -5.045717e-02 4.254019e-04
83             1.100249e-04 -2.314462e+00 -5.357345e-02 1.085610e-04 -2.265004e+00 -5.401474e-02 1.463904e-06 -4.945772e-02 4.412956e-04
84             1.103112e-04 -2.278332e+00 -5.181936e-02 1.094954e-04 -2.229735e+00 -5.225729e-02 8.157761e-07 -4.859792e-02 4.379281e-04
85             1.137372e-04 -2.282716e+00 -5.041162e-02 1.136648e-04 -2.234758e+00 -5.087410e-02 7.242074e-08 -4.795809e-02 4.624803e-04
86             1.229633e-04 -2.325985e+00 -4.972001e-02 1.235777e-04 -2.278419e+00 -5.019823e-02 -6.144662e-07 -4.756687e-02 4.782211e-04
87             1.363650e-04 -2.399976e+00 -4.964322e-02 1.377805e-04 -2.352547e+00 -5.016078e-02 -1.415557e-06 -4.742926e-02 5.175610e-04
88             1.507887e-04 -2.492214e+00 -4.992176e-02 1.530490e-04 -2.444722e+00 -5.048098e-02 -2.260317e-06 -4.749221e-02 5.592224e-04
89             1.628234e-04 -2.587281e+00 -5.014691e-02 1.659083e-04 -2.539610e+00 -5.074765e-02 -3.084933e-06 -4.767109e-02 6.007403e-04
90             1.688161e-04 -2.669090e+00 -4.985534e-02 1.726153e-04 -2.621247e+00 -5.048051e-02 -3.799196e-06 -4.784308e-02 6.251798e-04
91             1.665946e-04 -2.723465e+00 -4.871915e-02 1.710098e-04 -2.675583e+00 -4.935707e-02 -4.415121e-06 -4.788122e-02 6.379173e-04
92             1.558103e-04 -2.742070e+00 -4.666756e-02 1.607241e-04 -2.694401e+00 -4.730380e-02 -4.913820e-06 -4.766889e-02 6.362366e-04
93             1.354321e-04 -2.725416e+00 -4.331477e-02 1.407080e-04 -2.678266e+00 -4.393677e-02 -5.275930e-06 -4.714981e-02 6.219961e-04
94             1.103355e-04 -2.684028e+00 -3.962627e-02 1.159288e-04 -2.637674e+00 -4.023223e-02 -5.593250e-06 -4.635424e-02 6.059606e-04
95             8.288855e-05 -2.635436e+00 -3.578598e-02 8.875486e-05 -2.590060e+00 -3.637720e-02 -5.866310e-06 -4.537655e-02 5.912152e-04
96             5.741132e-05 -2.596566e+00 -3.246315e-02 6.348428e-05 -2.552210e+00 -3.303946e-02 -6.072963e-06 -4.435603e-02 5.763055e-04
97             3.286241e-05 -2.585928e+00 -2.920230e-02 3.907635e-05 -2.542485e+00 -2.976491e-02 -6.213947e-06 -4.344346e-02 5.626098e-04
98             1.343800e-05 -2.608493e+00 -2.659476e-02 1.973030e-05 -2.565752e+00 -2.714563e-02 -6.292306e-06 -4.274176e-02 5.508722e-04
99             2.121906e-06 -2.661152e+00 -2.509681e-02 8.428200e-06 -2.618869e+00 -2.563776e-02 -6.306294e-06 -4.228317e-02 5.409520e-04
100            3.296214e-07 -2.735218e+00 -2.491676e-02 6.573473e-06 -2.693168e+00 -2.544512e-02 -6.243852e-06 -4.205094e-02 5.283636e-04
101            7.751251e-06 -2.819101e+00 -2.602176e-02 1.387781e-05 -2.777105e+00 -2.653474e-02 -6.126555e-06 -4.199563e-02 5.129848e-04
102            2.279502e-05 -2.900032e+00 -2.816074e-02 2.876775e-05 -2.857990e+00 -2.865570e-02 -5.972732e-06 -4.204227e-02 4.949588e-04
103            4.299810e-05 -2.965900e+00 -3.088851e-02 4.878539e-05 -2.923802e+00 -3.136306e-02 -5.787295e-06 -4.209824e-02 4.745530e-04
104            6.561931e-05 -3.007231e+00 -3.370708e-02 7.123154e-05 -2.965168e+00 -3.416399e-02 -5.612223e-06 -4.206323e-02 4.569155e-04
105            8.793567e-05 -3.019987e+00 -3.614848e-02 9.342365e-05 -2.978126e+00 -3.659529e-02 -5.487979e-06 -4.186048e-02 4.468117e-04
106            1.070147e-04 -3.006462e+00 -3.778531e-02 1.124657e-04 -2.965006e+00 -3.823514e-02 -5.450936e-06 -4.145677e-02 4.498320e-04
107            1.207990e-04 -2.976018e+00 -3.835772e-02 1.262997e-04 -2.935131e+00 -3.882385e-02 -5.500739e-06 -4.088637e-02 4.661336e-04
108            1.282705e-04 -2.942380e+00 -3.780539e-02 1.339049e-04 -2.902145e+00 -3.830138e-02 -5.634424e-06 -4.023420e-02 4.959916e-04
109            1.290162e-04 -2.919532e+00 -3.615363e-02 1.348750e-04 -2.879925e+00 -3.669408e-02 -5.858778e-06 -3.960745e-02 5.404562e-04
110            1.220173e-04 -2.917089e+00 -3.342989e-02 1.281445e-04 -2.877985e+00 -3.402422e-02 -6.127226e-06 -3.910380e-02 5.943272e-04
111            1.134673e-04 -2.937929e+00 -3.049923e-02 1.198678e-04 -2.899148e+00 -3.115009e-02 -6.400464e-06 -3.878148e-02 6.508565e-04
112            1.048527e-04 -2.978495e+00 -2.768444e-02 1.115291e-04 -2.939850e+00 -2.839333e-02 -6.676353e-06 -3.864528e-02 7.088863e-04
113            9.773420e-05 -3.031455e+00 -2.526170e-02 1.046652e-04 -2.992775e+00 -2.602430e-02 -6.931015e-06 -3.867986e-02 7.626061e-04
114            9.302744e-05 -3.087441e+00 -2.341235e-02 1.001531e-04 -3.048609e+00 -2.421941e-02 -7.125703e-06 -3.883202e-02 8.070623e-04
115            9.134096e-05 -3.139869e+00 -2.221849e-02 9.860380e-05 -3.100823e+00 -2.305984e-02 -7.262844e-06 -3.904619e-02 8.413534e-04
116            9.187231e-05 -3.175561e+00 -2.160317e-02 9.917529e-05 -3.136321e+00 -2.246352e-02 -7.302978e-06 -3.923950e-02 8.603541e-04
117            9.446476e-05 -3.189631e+00 -2.153194e-02 1.017177e-04 -3.150283e+00 -2.239604e-02 -7.252944e-06 -3.934831e-02 8.640969e-04
118            9.854287e-05 -3.180311e+00 -2.197451e-02 1.056983e-04 -3.140985e+00 -2.283297e-02 -7.155397e-06 -3.932590e-02 8.584566e-04
119            1.034319e-04 -3.152642e+00 -2.284260e-02 1.104527e-04 -3.113477e+00 -2.368572e-02 -7.020714e-06 -3.916536e-02 8.431195e-04
120            1.081318e-04 -3.114971e+00 -2.402165e-02 1.150247e-04 -3.076077e+00 -2.484625e-02 -6.892849e-06 -3.889349e-02 8.246000e-04
121            1.118360e-04 -3.078439e+00 -2.539130e-02 1.186201e-04 -3.039858e+00 -2.619508e-02 -6.784186e-06 -3.858109e-02 8.037794e-04
122            1.138177e-04 -3.053552e+00 -2.681440e-02 1.205156e-04 -3.015248e+00 -2.759556e-02 -6.697930e-06 -3.830399e-02 7.811653e-04
123            1.139276e-04 -3.047039e+00 -2.816254e-02 1.205780e-04 -3.008900e+00 -2.892115e-02 -6.650348e-06 -3.813924e-02 7.586042e-04
124            1.121905e-04 -3.060206e+00 -2.929352e-02 1.188238e-04 -3.022091e+00 -3.003156e-02 -6.633276e-06 -3.811579e-02 7.380371e-04
125            1.090555e-04 -3.089505e+00 -3.012831e-02 1.157133e-04 -3.051260e+00 -3.085039e-02 -6.657839e-06 -3.824494e-02 7.220839e-04
126            1.053383e-04 -3.127872e+00 -3.067943e-02 1.120372e-04 -3.089380e+00 -3.139027e-02 -6.698961e-06 -3.849155e-02 7.108432e-04
127            1.017797e-04 -3.166919e+00 -3.098737e-02 1.085376e-04 -3.128101e+00 -3.169182e-02 -6.757963e-06 -3.881835e-02 7.044443e-04
128            9.848437e-05 -3.199976e+00 -3.108059e-02 1.052886e-04 -3.160818e+00 -3.178103e-02 -6.804245e-06 -3.915812e-02 7.004445e-04
129            9.701128e-05 -3.217719e+00 -3.116059e-02 1.038531e-04 -3.178260e+00 -3.185924e-02 -6.841808e-06 -3.945848e-02 6.986517e-04
130            9.734345e-05 -3.216885e+00 -3.126333e-02 1.041801e-04 -3.177231e+00 -3.195900e-02 -6.836601e-06 -3.965401e-02 6.956694e-04
131            9.920718e-05 -3.197979e+00 -3.141410e-02 1.060121e-04 -3.158251e+00 -3.210514e-02 -6.804953e-06 -3.972725e-02 6.910382e-04
132            1.022639e-04 -3.165406e+00 -3.163379e-02 1.089763e-04 -3.125738e+00 -3.231508e-02 -6.712444e-06 -3.966756e-02 6.812952e-04
133            1.058438e-04 -3.127097e+00 -3.189750e-02 1.124274e-04 -3.087577e+00 -3.256452e-02 -6.583673e-06 -3.952013e-02 6.670228e-04
134            1.093250e-04 -3.092209e+00 -3.216619e-02 1.157225e-04 -3.052878e+00 -3.281194e-02 -6.397515e-06 -3.933134e-02 6.457483e-04
135            1.118758e-04 -3.068797e+00 -3.234648e-02 1.180591e-04 -3.029621e+00 -3.296525e-02 -6.183304e-06 -3.917651e-02 6.187778e-04
136            1.129842e-04 -3.061378e+00 -3.235605e-02 1.189199e-04 -3.022282e+00 -3.294306e-02 -5.935676e-06 -3.909635e-02 5.870159e-04
137            1.122830e-04 -3.070377e+00 -3.210719e-02 1.179725e-04 -3.031249e+00 -3.266079e-02 -5.689438e-06 -3.912861e-02 5.536015e-04
138            1.099543e-04 -3.092244e+00 -3.158456e-02 1.153977e-04 -3.052981e+00 -3.210552e-02 -5.443385e-06 -3.926250e-02 5.209616e-04
139            1.064236e-04 -3.121022e+00 -3.081387e-02 1.116345e-04 -3.081536e+00 -3.130381e-02 -5.210825e-06 -3.948524e-02 4.899362e-04
140            1.021534e-04 -3.149631e+00 -2.985038e-02 1.071574e-04 -3.109882e+00 -3.031400e-02 -5.004083e-06 -3.974883e-02 4.636214e-04
141            9.786830e-05 -3.171292e+00 -2.879289e-02 1.026842e-04 -3.131278e+00 -2.923372e-02 -4.815867e-06 -4.001380e-02 4.408317e-04
142            9.403686e-05 -3.180703e+00 -2.772302e-02 9.869577e-05 -3.140481e+00 -2.814683e-02 -4.658915e-06 -4.022215e-02 4.238038e-04
143            9.124213e-05 -3.175382e+00 -2.673110e-02 9.574564e-05 -3.135038e+00 -2.713935e-02 -4.503512e-06 -4.034429e-02 4.082568e-04
144            8.954141e-05 -3.155967e+00 -2.584473e-02 9.390916e-05 -3.115615e+00 -2.624155e-02 -4.367754e-06 -4.035229e-02 3.968152e-04
145            8.925576e-05 -3.126555e+00 -2.512382e-02 9.346876e-05 -3.086294e+00 -2.550798e-02 -4.213001e-06 -4.026126e-02 3.841582e-04
146            9.003732e-05 -3.093664e+00 -2.455683e-02 9.411445e-05 -3.053572e+00 -2.493154e-02 -4.077130e-06 -4.009235e-02 3.747024e-04
147            9.196784e-05 -3.064662e+00 -2.417563e-02 9.588774e-05 -3.024760e+00 -2.453845e-02 -3.919899e-06 -3.990243e-02 3.628125e-04
148            9.444922e-05 -3.045714e+00 -2.393704e-02 9.824131e-05 -3.005979e+00 -2.429091e-02 -3.792095e-06 -3.973480e-02 3.538712e-04
149            9.736862e-05 -3.040366e+00 -2.384245e-02 1.010115e-04 -3.000726e+00 -2.418372e-02 -3.642847e-06 -3.963975e-02 3.412698e-04
150            9.996674e-05 -3.048768e+00 -2.380943e-02 1.034896e-04 -3.009136e+00 -2.414029e-02 -3.522854e-06 -3.963246e-02 3.308664e-04
151            1.021902e-04 -3.068072e+00 -2.382152e-02 1.055663e-04 -3.028349e+00 -2.413750e-02 -3.376131e-06 -3.972238e-02 3.159812e-04
152            1.035319e-04 -3.093183e+00 -2.381181e-02 1.067880e-04 -3.053300e+00 -2.411504e-02 -3.256058e-06 -3.988290e-02 3.032335e-04
153            1.041911e-04 -3.118194e+00 -2.378478e-02 1.072996e-04 -3.078105e+00 -2.407133e-02 -3.108531e-06 -4.008981e-02 2.865499e-04
154            1.039008e-04 -3.137295e+00 -2.370142e-02 1.068883e-04 -3.097001e+00 -2.397401e-02 -2.987546e-06 -4.029328e-02 2.725807e-04
155            1.031364e-04 -3.146083e+00 -2.360372e-02 1.059733e-04 -3.105623e+00 -2.385832e-02 -2.836855e-06 -4.045970e-02 2.545995e-04
156            1.018027e-04 -3.142279e+00 -2.347261e-02 1.045095e-04 -3.101731e+00 -2.371147e-02 -2.706778e-06 -4.054755e-02 2.388564e-04
157            1.004611e-04 -3.126476e+00 -2.335793e-02 1.029985e-04 -3.085928e+00 -2.357643e-02 -2.537456e-06 -4.054725e-02 2.184908e-04
158            9.904310e-05 -3.102023e+00 -2.324379e-02 1.014307e-04 -3.061567e+00 -2.344432e-02 -2.387598e-06 -4.045610e-02 2.005253e-04
159            9.811618e-05 -3.074381e+00 -2.318579e-02 1.003094e-04 -3.034077e+00 -2.336325e-02 -2.193206e-06 -4.030438e-02 1.774595e-04
160            9.751840e-05 -3.049705e+00 -2.316579e-02 9.953217e-05 -3.009577e+00 -2.332205e-02 -2.013770e-06 -4.012818e-02 1.562601e-04
161            9.765831e-05 -3.033372e+00 -2.323517e-02 9.944482e-05 -2.993398e+00 -2.336429e-02 -1.786505e-06 -3.997466e-02 1.291188e-04
162            9.811455e-05 -3.028646e+00 -2.335729e-02 9.968958e-05 -2.988767e+00 -2.346079e-02 -1.575027e-06 -3.987909e-02 1.035073e-04
163            9.903344e-05 -3.036005e+00 -2.355257e-02 1.003522e-04 -2.996140e+00 -2.362440e-02 -1.318735e-06 -3.986479e-02 7.183662e-05
164            9.973752e-05 -3.053250e+00 -2.374079e-02 1.008236e-04 -3.013316e+00 -2.378308e-02 -1.086128e-06 -3.993391e-02 4.229363e-05
165            1.002192e-04 -3.076182e+00 -2.391222e-02 1.010365e-04 -3.036108e+00 -2.392001e-02 -8.173121e-07 -4.007318e-02 7.796253e-06
166            9.977493e-05 -3.099561e+00 -2.397101e-02 1.003560e-04 -3.059307e+00 -2.394757e-02 -5.810941e-07 -4.025427e-02 -2.344005e-05
167            9.853096e-05 -3.118194e+00 -2.391542e-02 9.885168e-05 -3.077753e+00 -2.385775e-02 -3.207223e-07 -4.044090e-02 -5.767562e-05
168            9.604484e-05 -3.127947e+00 -2.368085e-02 9.615121e-05 -3.087353e+00 -2.359441e-02 -1.063761e-07 -4.059439e-02 -8.644471e-05
169            9.265486e-05 -3.126546e+00 -2.329525e-02 9.253532e-05 -3.085863e+00 -2.317889e-02 1.195475e-07 -4.068369e-02 -1.163606e-04
170            8.817327e-05 -3.114201e+00 -2.272559e-02 8.787880e-05 -3.073510e+00 -2.258568e-02 2.944694e-07 -4.069109e-02 -1.399080e-04
171            8.309360e-05 -3.093641e+00 -2.202124e-02 8.261465e-05 -3.053023e+00 -2.185719e-02 4.789501e-07 -4.061787e-02 -1.640536e-04
172            7.738014e-05 -3.069563e+00 -2.116792e-02 7.676972e-05 -3.029079e+00 -2.098669e-02 6.104215e-07 -4.048405e-02 -1.812316e-04
173            7.157473e-05 -3.047464e+00 -2.022735e-02 7.082598e-05 -3.007140e+00 -2.002897e-02 7.487434e-07 -4.032446e-02 -1.983773e-04
174            6.572158e-05 -3.032352e+00 -1.920497e-02 6.488252e-05 -2.992173e+00 -1.899598e-02 8.390610e-07 -4.017948e-02 -2.089904e-04
175            6.033372e-05 -3.027487e+00 -1.817469e-02 5.939768e-05 -2.987402e+00 -1.795500e-02 9.360433e-07 -4.008473e-02 -2.196882e-04
176            5.537433e-05 -3.033618e+00 -1.714290e-02 5.438561e-05 -2.993555e+00 -1.691842e-02 9.887164e-07 -4.006258e-02 -2.244750e-04
177            5.113446e-05 -3.049052e+00 -1.615964e-02 5.008372e-05 -3.008933e+00 -1.592986e-02 1.050736e-06 -4.011881e-02 -2.297839e-04
178            4.736564e-05 -3.070125e+00 -1.520718e-02 4.629275e-05 -3.029882e+00 -1.497717e-02 1.072887e-06 -4.024255e-02 -2.300043e-04
179            4.413913e-05 -3.092042e+00 -1.430657e-02 4.303863e-05 -3.051633e+00 -1.407611e-02 1.100498e-06 -4.040902e-02 -2.304600e-04
180            4.108223e-05 -3.109922e+00 -1.341977e-02 3.999375e-05 -3.069338e+00 -1.319375e-02 1.088479e-06 -4.058432e-02 -2.260212e-04
181            3.817519e-05 -3.119906e+00 -1.255461e-02 3.709902e-05 -3.079170e+00 -1.233337e-02 1.076169e-06 -4.073572e-02 -2.212346e-04
182            3.513352e-05 -3.119255e+00 -1.167859e-02 3.410738e-05 -3.078427e+00 -1.146669e-02 1.026135e-06 -4.082820e-02 -2.119001e-04
183            3.194612e-05 -3.107998e+00 -1.079767e-02 3.097531e-05 -3.067156e+00 -1.059591e-02 9.708093e-07 -4.084220e-02 -2.017576e-04
184            2.833904e-05 -3.088659e+00 -9.882241e-03 2.746214e-05 -3.047882e+00 -9.695069e-03 8.768996e-07 -4.077686e-02 -1.871726e-04
185            2.448477e-05 -3.065745e+00 -8.951636e-03 2.370977e-05 -3.025094e+00 -8.780108e-03 7.750070e-07 -4.065033e-02 -1.715277e-04
186            2.031728e-05 -3.044616e+00 -7.988352e-03 1.968512e-05 -3.004121e+00 -7.837385e-03 6.321605e-07 -4.049564e-02 -1.509674e-04
187            1.619026e-05 -3.030195e+00 -7.027675e-03 1.570966e-05 -2.989842e+00 -6.898614e-03 4.805955e-07 -4.035320e-02 -1.290619e-04
188            1.219311e-05 -3.025702e+00 -6.074513e-03 1.190112e-05 -2.985445e+00 -5.972063e-03 2.919872e-07 -4.025750e-02 -1.024501e-04
189            8.788667e-06 -3.031869e+00 -5.182713e-03 8.687782e-06 -2.991636e+00 -5.107856e-03 1.008855e-07 -4.023206e-02 -7.485715e-05
190            6.056227e-06 -3.047001e+00 -4.365555e-03 6.174276e-06 -3.006719e+00 -4.322008e-03 -1.180490e-07 -4.028197e-02 -4.354711e-05
191            4.326041e-06 -3.067446e+00 -3.673243e-03 4.654921e-06 -3.027049e+00 -3.660639e-03 -3.288794e-07 -4.039711e-02 -1.260423e-05
192            3.461337e-06 -3.088428e+00 -3.100125e-03 4.021486e-06 -3.047876e+00 -3.121156e-03 -5.601490e-07 -4.055146e-02 2.103088e-05
193            3.562227e-06 -3.105144e+00 -2.672364e-03 4.335918e-06 -3.064432e+00 -2.725038e-03 -7.736911e-07 -4.071191e-02 5.267375e-05
194            4.280120e-06 -3.113581e+00 -2.356853e-03 5.279250e-06 -3.072740e+00 -2.442562e-03 -9.991298e-07 -4.084127e-02 8.570875e-05
195            5.642442e-06 -3.112155e+00 -2.170513e-03 6.842111e-06 -3.071243e+00 -2.285995e-03 -1.199669e-06 -4.091172e-02 1.154827e-04
196            7.159244e-06 -3.100673e+00 -2.061278e-03 8.569001e-06 -3.059768e+00 -2.207163e-03 -1.409757e-06 -4.090458e-02 1.458845e-04
197            8.852750e-06 -3.081818e+00 -2.037947e-03 1.044941e-05 -3.040996e+00 -2.210892e-03 -1.596659e-06 -4.082225e-02 1.729444e-04
198            1.034268e-05 -3.060016e+00 -2.054512e-03 1.213972e-05 -3.019334e+00 -2.255351e-03 -1.797043e-06 -4.068224e-02 2.008383e-04
199            1.170907e-05 -3.040410e+00 -2.113822e-03 1.368580e-05 -2.999890e+00 -2.339452e-03 -1.976724e-06 -4.051975e-02 2.256303e-04
200            1.273369e-05 -3.027691e+00 -2.179669e-03 1.490842e-05 -2.987320e+00 -2.431650e-03 -2.174730e-06 -4.037090e-02 2.519811e-04
201            1.371826e-05 -3.024531e+00 -2.272802e-03 1.606921e-05 -2.984260e+00 -2.548085e-03 -2.350955e-06 -4.027085e-02 2.752829e-04
202            1.457322e-05 -3.031326e+00 -2.367059e-03 1.711010e-05 -2.991090e+00 -2.666534e-03 -2.536884e-06 -4.023636e-02 2.994752e-04
203            1.572286e-05 -3.046524e+00 -2.509679e-03 1.841270e-05 -3.006249e+00 -2.829305e-03 -2.689844e-06 -4.027534e-02 3.196265e-04
204            1.712763e-05 -3.066402e+00 -2.692275e-03 1.997295e-05 -3.026029e+00 -3.032281e-03 -2.845318e-06 -4.037282e-02 3.400060e-04
205            1.912138e-05 -3.086347e+00 -2.958541e-03 2.208145e-05 -3.045840e+00 -3.314075e-03 -2.960068e-06 -4.050650e-02 3.555344e-04
206            2.153583e-05 -3.101674e+00 -3.299636e-03 2.461439e-05 -3.061034e+00 -3.671144e-03 -3.078565e-06 -4.064008e-02 3.715072e-04
207            2.455190e-05 -3.109113e+00 -3.736508e-03 2.770590e-05 -3.068369e+00 -4.118691e-03 -3.153994e-06 -4.074364e-02 3.821833e-04
208            2.789757e-05 -3.106869e+00 -4.243172e-03 3.112618e-05 -3.066082e+00 -4.635734e-03 -3.228601e-06 -4.078689e-02 3.925617e-04
209            3.166433e-05 -3.095539e+00 -4.828657e-03 3.491890e-05 -3.054780e+00 -5.225388e-03 -3.254572e-06 -4.075967e-02 3.967313e-04
210            3.547547e-05 -3.077576e+00 -5.461526e-03 3.875865e-05 -3.036914e+00 -5.862276e-03 -3.283178e-06 -4.066143e-02 4.007492e-04
211            3.935694e-05 -3.057387e+00 -6.149053e-03 4.262906e-05 -3.016870e+00 -6.548422e-03 -3.272123e-06 -4.051645e-02 3.993687e-04
212            4.293322e-05 -3.039924e+00 -6.853841e-03 4.620530e-05 -2.999570e+00 -7.252399e-03 -3.272083e-06 -4.035425e-02 3.985585e-04
213            4.623995e-05 -3.029241e+00 -7.565854e-03 4.947367e-05 -2.989027e+00 -7.958199e-03 -3.233714e-06 -4.021490e-02 3.923453e-04
214            4.892532e-05 -3.027632e+00 -8.223047e-03 5.212866e-05 -2.987508e+00 -8.609571e-03 -3.203339e-06 -4.012419e-02 3.865238e-04
215            5.120410e-05 -3.035542e+00 -8.849073e-03 5.434496e-05 -2.995438e+00 -9.225567e-03 -3.140853e-06 -4.010455e-02 3.764949e-04
216            5.285394e-05 -3.050890e+00 -9.401827e-03 5.594754e-05 -3.010736e+00 -9.769857e-03 -3.093600e-06 -4.015410e-02 3.680299e-04
217            5.426225e-05 -3.070065e+00 -9.918740e-03 5.727665e-05 -3.029801e+00 -1.027444e-02 -3.014396e-06 -4.026352e-02 3.557008e-04
218            5.532425e-05 -3.088637e+00 -1.037929e-02 5.827600e-05 -3.048233e+00 -1.072472e-02 -2.951756e-06 -4.040321e-02 3.454263e-04
219            5.642783e-05 -3.102417e+00 -1.082742e-02 5.928217e-05 -3.061872e+00 -1.115860e-02 -2.854346e-06 -4.054537e-02 3.311809e-04
220            5.742684e-05 -3.108278e+00 -1.124187e-02 6.019618e-05 -3.067623e+00 -1.156048e-02 -2.769341e-06 -4.065450e-02 3.186034e-04
221            5.863603e-05 -3.104877e+00 -1.166220e-02 6.128437e-05 -3.064167e+00 -1.196420e-02 -2.648339e-06 -4.070980e-02 3.020009e-04
222            5.982638e-05 -3.092989e+00 -1.206125e-02 6.236853e-05 -3.052292e+00 -1.234856e-02 -2.542156e-06 -4.069701e-02 2.873038e-04
223            6.120600e-05 -3.075460e+00 -1.246962e-02 6.361140e-05 -3.034835e+00 -1.273876e-02 -2.405393e-06 -4.062496e-02 2.691425e-04
224            6.238487e-05 -3.056773e+00 -1.284563e-02 6.467214e-05 -3.016260e+00 -1.309888e-02 -2.287272e-06 -4.051287e-02 2.532533e-04
225            6.356659e-05 -3.041103e+00 -1.321941e-02 6.571013e-05 -3.000707e+00 -1.345348e-02 -2.143541e-06 -4.039662e-02 2.340713e-04
226            6.431960e-05 -3.032004e+00 -1.353958e-02 6.634148e-05 -2.991700e+00 -1.375670e-02 -2.021876e-06 -4.030382e-02 2.171164e-04
227            6.476160e-05 -3.031493e+00 -1.382093e-02 6.664169e-05 -2.991232e+00 -1.401843e-02 -1.880084e-06 -4.026013e-02 1.975047e-04
228            6.446612e-05 -3.039355e+00 -1.400458e-02 6.623202e-05 -2.999072e+00 -1.418551e-02 -1.765905e-06 -4.028281e-02 1.809282e-04
229            6.373383e-05 -3.053681e+00 -1.411682e-02 6.536472e-05 -3.013311e+00 -1.427866e-02 -1.630884e-06 -4.036998e-02 1.618370e-04
230            6.232028e-05 -3.071015e+00 -1.411872e-02 6.384793e-05 -3.030510e+00 -1.426545e-02 -1.527644e-06 -4.050485e-02 1.467268e-04
231            6.052401e-05 -3.087391e+00 -1.403823e-02 6.192783e-05 -3.046725e+00 -1.416777e-02 -1.403823e-06 -4.066565e-02 1.295393e-04
232            5.821307e-05 -3.099089e+00 -1.385265e-02 5.951657e-05 -3.058266e+00 -1.396802e-02 -1.303499e-06 -4.082291e-02 1.153706e-04
233            5.576151e-05 -3.103465e+00 -1.360240e-02 5.693530e-05 -3.062513e+00 -1.370051e-02 -1.173786e-06 -4.095213e-02 9.810999e-05
234            5.307857e-05 -3.099455e+00 -1.327330e-02 5.414253e-05 -3.058431e+00 -1.335688e-02 -1.063964e-06 -4.102387e-02 8.358211e-05
235            5.047420e-05 -3.087977e+00 -1.290534e-02 5.140297e-05 -3.046948e+00 -1.297191e-02 -9.287657e-07 -4.102899e-02 6.656851e-05
236            4.774882e-05 -3.071688e+00 -1.248045e-02 4.856161e-05 -3.030713e+00 -1.253256e-02 -8.127904e-07 -4.097499e-02 5.211964e-05
237            4.513455e-05 -3.054390e+00 -1.203388e-02 4.579817e-05 -3.013507e+00 -1.206795e-02 -6.636193e-07 -4.088385e-02 3.407320e-05
238            4.238389e-05 -3.040099e+00 -1.154348e-02 4.290998e-05 -2.999314e+00 -1.156096e-02 -5.260908e-07 -4.078482e-02 1.747782e-05
239            3.972793e-05 -3.032057e+00 -1.104114e-02 4.008815e-05 -2.991350e+00 -1.103883e-02 -3.602226e-07 -4.070647e-02 -2.314725e-06
240            3.685208e-05 -3.031928e+00 -1.049228e-02 3.707676e-05 -2.991257e+00 -1.047372e-02 -2.246817e-07 -4.067056e-02 -1.856374e-05
241            3.389879e-05 -3.039504e+00 -9.916223e-03 3.396745e-05 -2.998815e+00 -9.879229e-03 -6.865441e-08 -4.068851e-02 -3.699431e-05
242            3.052229e-05 -3.052851e+00 -9.271854e-03 3.047189e-05 -3.012094e+00 -9.220762e-03 5.039647e-08 -4.075629e-02 -5.109137e-05
243            2.698880e-05 -3.068808e+00 -8.583175e-03 2.679997e-05 -3.027947e+00 -8.516183e-03 1.888228e-07 -4.086130e-02 -6.699146e-05
244            2.303296e-05 -3.083714e+00 -7.811947e-03 2.273793e-05 -3.042735e+00 -7.733055e-03 2.950276e-07 -4.097933e-02 -7.889164e-05
245            1.895435e-05 -3.094199e+00 -6.998396e-03 1.851874e-05 -3.053116e+00 -6.904011e-03 4.356116e-07 -4.108277e-02 -9.438492e-05
246            1.453499e-05 -3.097921e+00 -6.117143e-03 1.398706e-05 -3.056774e+00 -6.010923e-03 5.479318e-07 -4.114652e-02 -1.062197e-04
247            1.023333e-05 -3.094061e+00 -5.217076e-03 9.538559e-06 -3.052910e+00 -5.095518e-03 6.947739e-07 -4.115147e-02 -1.215577e-04
248            5.841776e-06 -3.083594e+00 -4.281337e-03 5.024908e-06 -3.042502e+00 -4.147720e-03 8.168679e-07 -4.109270e-02 -1.336173e-04
249            1.741221e-06 -3.069068e+00 -3.356471e-03 7.774937e-07 -3.028093e+00 -3.208563e-03 9.637277e-07 -4.097467e-02 -1.479086e-04
250            -2.336583e-06 -3.054020e+00 -2.418423e-03 -3.402788e-06 -3.013202e+00 -2.262133e-03 1.066205e-06 -4.081871e-02 -1.562899e-04
251            -6.052058e-06 -3.042080e+00 -1.516521e-03 -7.231710e-06 -3.001428e+00 -1.351156e-03 1.179652e-06 -4.065204e-02 -1.653643e-04
252            -9.539242e-06 -3.036091e+00 -6.353761e-04 -1.079784e-05 -2.995587e+00 -4.651253e-04 1.258600e-06 -4.050358e-02 -1.702508e-04
253            -1.249085e-05 -3.037388e+00 1.794074e-04 -1.386503e-05 -2.996993e+00 3.586784e-04 1.374186e-06 -4.039472e-02 -1.792710e-04
254            -1.520303e-05 -3.045661e+00 9.504813e-04 -1.666870e-05 -3.005323e+00 1.135982e-03 1.465668e-06 -4.033798e-02 -1.855009e-04
255            -1.737767e-05 -3.059022e+00 1.635876e-03 -1.896294e-05 -3.018691e+00 1.830663e-03 1.585273e-06 -4.033124e-02 -1.947865e-04
256            -1.933530e-05 -3.074555e+00 2.269130e-03 -2.099801e-05 -3.034192e+00 2.468207e-03 1.662707e-06 -4.036297e-02 -1.990775e-04
257            -2.079986e-05 -3.088915e+00 2.811123e-03 -2.255908e-05 -3.048502e+00 3.016553e-03 1.759223e-06 -4.041342e-02 -2.054299e-04
258            -2.201051e-05 -3.099074e+00 3.288798e-03 -2.383435e-05 -3.058617e+00 3.497043e-03 1.823842e-06 -4.045677e-02 -2.082441e-04
259            -2.276385e-05 -3.102968e+00 3.673420e-03 -2.466788e-05 -3.062500e+00 3.886145e-03 1.904038e-06 -4.046832e-02 -2.127251e-04
260            -2.334403e-05 -3.099989e+00 3.996218e-03 -2.529196e-05 -3.059556e+00 4.209265e-03 1.947923e-06 -4.043280e-02 -2.130470e-04
261            -2.360337e-05 -3.091127e+00 4.235121e-03 -2.560654e-05 -3.050784e+00 4.449914e-03 2.003166e-06 -4.034362e-02 -2.147928e-04
262            -2.373774e-05 -3.078781e+00 4.416387e-03 -2.576032e-05 -3.038572e+00 4.628881e-03 2.022578e-06 -4.020968e-02 -2.124935e-04
263            -2.361970e-05 -3.066133e+00 4.524636e-03 -2.567607e-05 -3.026082e+00 4.736640e-03 2.056367e-06 -4.005066e-02 -2.120035e-04
264            -2.339926e-05 -3.056411e+00 4.577156e-03 -2.547011e-05 -3.016518e+00 4.786663e-03 2.070854e-06 -3.989314e-02 -2.095077e-04
265            -2.293508e-05 -3.052053e+00 4.560618e-03 -2.503396e-05 -3.012292e+00 4.769557e-03 2.098888e-06 -3.976082e-02 -2.089391e-04
266            -2.222911e-05 -3.054175e+00 4.476692e-03 -2.434198e-05 -3.014503e+00 4.683829e-03 2.112863e-06 -3.967203e-02 -2.071371e-04
267            -2.123797e-05 -3.062336e+00 4.320688e-03 -2.336500e-05 -3.022701e+00 4.526235e-03 2.127031e-06 -3.963452e-02 -2.055471e-04
268            -2.005417e-05 -3.074733e+00 4.107269e-03 -2.218592e-05 -3.035084e+00 4.310406e-03 2.131748e-06 -3.964911e-02 -2.031367e-04
269            -1.872679e-05 -3.088664e+00 3.846155e-03 -2.086996e-05 -3.048961e+00 4.047973e-03 2.143173e-06 -3.970353e-02 -2.018188e-04
270            -1.734311e-05 -3.101112e+00 3.555880e-03 -1.949504e-05 -3.061333e+00 3.756339e-03 2.151929e-06 -3.977887e-02 -2.004586e-04
271            -1.596746e-05 -3.109382e+00 3.247668e-03 -1.813066e-05 -3.069531e+00 3.447310e-03 2.163201e-06 -3.985098e-02 -1.996428e-04
272            -1.472110e-05 -3.111683e+00 2.935414e-03 -1.688738e-05 -3.071781e+00 3.133378e-03 2.166287e-06 -3.990246e-02 -1.979637e-04
273            -1.362468e-05 -3.107530e+00 2.632450e-03 -1.579371e-05 -3.067613e+00 2.828748e-03 2.169035e-06 -3.991647e-02 -1.962981e-04
274            -1.268843e-05 -3.097940e+00 2.336744e-03 -1.486181e-05 -3.058049e+00 2.531625e-03 2.173378e-06 -3.989162e-02 -1.948807e-04
275            -1.185584e-05 -3.085133e+00 2.047195e-03 -1.403718e-05 -3.045300e+00 2.241182e-03 2.181338e-06 -3.983247e-02 -1.939873e-04
276            -1.101462e-05 -3.072034e+00 1.761537e-03 -1.319853e-05 -3.032275e+00 1.953948e-03 2.183916e-06 -3.975943e-02 -1.924110e-04
277            -1.013549e-05 -3.061547e+00 1.480507e-03 -1.230824e-05 -3.021861e+00 1.670131e-03 2.172750e-06 -3.968568e-02 -1.896241e-04
278            -9.258460e-06 -3.055915e+00 1.200065e-03 -1.142538e-05 -3.016278e+00 1.387773e-03 2.166924e-06 -3.963737e-02 -1.877082e-04
279            -8.373800e-06 -3.056117e+00 9.176448e-04 -1.053909e-05 -3.016492e+00 1.104541e-03 2.165287e-06 -3.962471e-02 -1.868961e-04
280            -7.462610e-06 -3.061771e+00 6.264818e-04 -9.626826e-06 -3.022113e+00 8.132830e-04 2.164215e-06 -3.965769e-02 -1.868012e-04
281            -6.484074e-06 -3.071233e+00 3.253946e-04 -8.640077e-06 -3.031502e+00 5.120023e-04 2.156002e-06 -3.973032e-02 -1.866077e-04
282            -5.465179e-06 -3.082053e+00 2.166193e-05 -7.599328e-06 -3.042220e+00 2.074024e-04 2.134150e-06 -3.983281e-02 -1.857405e-04
283            -4.474003e-06 -3.091510e+00 -2.806906e-04 -6.554984e-06 -3.051564e+00 -9.850489e-05 2.080981e-06 -3.994643e-02 -1.821857e-04
284            -3.473041e-06 -3.097197e+00 -5.835179e-04 -5.475938e-06 -3.057144e+00 -4.068735e-04 2.002897e-06 -4.005316e-02 -1.766444e-04
285            -2.386193e-06 -3.097531e+00 -8.926749e-04 -4.279964e-06 -3.057397e+00 -7.244073e-04 1.893771e-06 -4.013369e-02 -1.682676e-04
286            -1.222295e-06 -3.092137e+00 -1.206191e-03 -2.977964e-06 -3.051960e+00 -1.048968e-03 1.755670e-06 -4.017707e-02 -1.572235e-04
287            6.285984e-08 -3.081949e+00 -1.523151e-03 -1.520948e-06 -3.041769e+00 -1.380383e-03 1.583808e-06 -4.017935e-02 -1.427686e-04
288            1.473973e-06 -3.069034e+00 -1.840849e-03 9.530953e-08 -3.028884e+00 -1.715902e-03 1.378664e-06 -4.014968e-02 -1.249470e-04
289            2.955003e-06 -3.056074e+00 -2.153111e-03 1.813584e-06 -3.015972e+00 -2.049393e-03 1.141420e-06 -4.010256e-02 -1.037176e-04
290            4.429711e-06 -3.045753e+00 -2.450172e-03 3.558921e-06 -3.005696e+00 -2.371678e-03 8.707898e-07 -4.005750e-02 -7.849400e-05
291            5.915155e-06 -3.040103e+00 -2.725019e-03 5.333542e-06 -3.000069e+00 -2.673984e-03 5.816129e-07 -4.003419e-02 -5.103411e-05
292            7.375794e-06 -3.040045e+00 -2.972477e-03 7.090793e-06 -2.999995e+00 -2.949835e-03 2.850016e-07 -4.004932e-02 -2.264240e-05
293            8.778120e-06 -3.045241e+00 -3.187808e-03 8.789530e-06 -3.005131e+00 -3.193698e-03 -1.141034e-08 -4.011038e-02 5.890163e-06
294            1.013554e-05 -3.054208e+00 -3.371958e-03 1.044883e-05 -3.014001e+00 -3.407371e-03 -3.132944e-07 -4.020723e-02 3.541359e-05
295            1.152954e-05 -3.064665e+00 -3.535113e-03 1.215381e-05 -3.024343e+00 -3.601578e-03 -6.242713e-07 -4.032208e-02 6.646486e-05
296            1.303119e-05 -3.074119e+00 -3.693473e-03 1.395664e-05 -3.033668e+00 -3.790201e-03 -9.254585e-07 -4.045018e-02 9.672758e-05
297            1.480643e-05 -3.080285e+00 -3.864987e-03 1.600701e-05 -3.039711e+00 -3.989284e-03 -1.200581e-06 -4.057402e-02 1.242972e-04
298            1.674716e-05 -3.081691e+00 -4.036548e-03 1.823236e-05 -3.041016e+00 -4.190260e-03 -1.485197e-06 -4.067513e-02 1.537121e-04
299            1.891961e-05 -3.077995e+00 -4.220833e-03 2.068877e-05 -3.037253e+00 -4.404610e-03 -1.769152e-06 -4.074155e-02 1.837765e-04
300            2.123471e-05 -3.070035e+00 -4.415197e-03 2.327867e-05 -3.029264e+00 -4.628662e-03 -2.043954e-06 -4.077096e-02 2.134654e-04
301            2.370762e-05 -3.059680e+00 -4.628508e-03 2.600340e-05 -3.018912e+00 -4.869739e-03 -2.295780e-06 -4.076829e-02 2.412313e-04
302            2.611983e-05 -3.049385e+00 -4.841573e-03 2.867646e-05 -3.008644e+00 -5.112115e-03 -2.556628e-06 -4.074099e-02 2.705412e-04
303            2.853474e-05 -3.041573e+00 -5.076014e-03 3.133213e-05 -3.000867e+00 -5.374112e-03 -2.797384e-06 -4.070651e-02 2.980984e-04
304            3.081360e-05 -3.038047e+00 -5.325564e-03 3.384108e-05 -2.997367e+00 -5.650315e-03 -3.027475e-06 -4.067987e-02 3.247503e-04
305            3.304095e-05 -3.039614e+00 -5.595053e-03 3.627904e-05 -2.998935e+00 -5.944652e-03 -3.238091e-06 -4.067862e-02 3.495984e-04
306            3.506212e-05 -3.045855e+00 -5.880199e-03 3.850164e-05 -3.005148e+00 -6.253646e-03 -3.439513e-06 -4.070743e-02 3.734473e-04
307            3.695300e-05 -3.055308e+00 -6.194002e-03 4.054843e-05 -3.014552e+00 -6.585913e-03 -3.595438e-06 -4.075559e-02 3.919111e-04
308            3.859756e-05 -3.065898e+00 -6.531745e-03 4.227278e-05 -3.025085e+00 -6.932838e-03 -3.675220e-06 -4.081307e-02 4.010923e-04
309            4.019698e-05 -3.075296e+00 -6.912508e-03 4.390884e-05 -3.034434e+00 -7.317609e-03 -3.711865e-06 -4.086254e-02 4.051012e-04
310            4.179298e-05 -3.081439e+00 -7.337894e-03 4.554160e-05 -3.040551e+00 -7.746980e-03 -3.748625e-06 -4.088753e-02 4.090865e-04
311            4.342570e-05 -3.083060e+00 -7.798726e-03 4.721666e-05 -3.042179e+00 -8.212469e-03 -3.790955e-06 -4.088088e-02 4.137436e-04
312            4.521572e-05 -3.079915e+00 -8.294997e-03 4.904927e-05 -3.039078e+00 -8.713325e-03 -3.833551e-06 -4.083734e-02 4.183273e-04
313            4.699670e-05 -3.072811e+00 -8.792410e-03 5.084934e-05 -3.032051e+00 -9.212514e-03 -3.852639e-06 -4.076000e-02 4.201046e-04
314            4.859809e-05 -3.063504e+00 -9.262641e-03 5.239972e-05 -3.022844e+00 -9.675941e-03 -3.801630e-06 -4.065936e-02 4.133001e-04
315            4.986967e-05 -3.054266e+00 -9.688564e-03 5.357492e-05 -3.013722e+00 -1.008942e-02 -3.705244e-06 -4.054357e-02 4.008595e-04
316            5.084844e-05 -3.047350e+00 -1.006736e-02 5.443307e-05 -3.006922e+00 -1.045262e-02 -3.584635e-06 -4.042821e-02 3.852609e-04
317            5.166844e-05 -3.044419e+00 -1.041293e-02 5.511521e-05 -3.004096e+00 -1.078016e-02 -3.446768e-06 -4.032375e-02 3.672334e-04
318            5.241790e-05 -3.046168e+00 -1.072960e-02 5.571531e-05 -3.005928e+00 -1.107730e-02 -3.297410e-06 -4.023970e-02 3.476978e-04
319            5.313385e-05 -3.052185e+00 -1.101689e-02 5.627900e-05 -3.012005e+00 -1.134474e-02 -3.145147e-06 -4.018016e-02 3.278461e-04
320            5.371985e-05 -3.061170e+00 -1.126113e-02 5.669644e-05 -3.021024e+00 -1.156732e-02 -2.976596e-06 -4.014585e-02 3.061969e-04
321            5.406119e-05 -3.071222e+00 -1.144566e-02 5.685533e-05 -3.031093e+00 -1.172875e-02 -2.794144e-06 -4.012937e-02 2.830850e-04
322            5.397568e-05 -3.080276e+00 -1.154667e-02 5.659051e-05 -3.040155e+00 -1.180729e-02 -2.614835e-06 -4.012050e-02 2.606248e-04
323            5.338841e-05 -3.086516e+00 -1.155623e-02 5.581709e-05 -3.046412e+00 -1.179375e-02 -2.428679e-06 -4.010378e-02 2.375238e-04
324            5.241012e-05 -3.088787e+00 -1.148762e-02 5.464047e-05 -3.048721e+00 -1.170068e-02 -2.230349e-06 -4.006678e-02 2.130674e-04
325            5.133167e-05 -3.086859e+00 -1.138127e-02 5.334826e-05 -3.046861e+00 -1.156800e-02 -2.016598e-06 -3.999867e-02 1.867317e-04
326            5.018273e-05 -3.081500e+00 -1.124409e-02 5.198413e-05 -3.041602e+00 -1.140426e-02 -1.801407e-06 -3.989844e-02 1.601695e-04
327            4.915078e-05 -3.074289e+00 -1.110159e-02 5.074256e-05 -3.034517e+00 -1.123584e-02 -1.591781e-06 -3.977145e-02 1.342440e-04
328            4.833325e-05 -3.067232e+00 -1.097044e-02 4.973042e-05 -3.027601e+00 -1.108046e-02 -1.397176e-06 -3.963107e-02 1.100263e-04
329            4.763672e-05 -3.062257e+00 -1.084315e-02 4.886029e-05 -3.022765e+00 -1.093131e-02 -1.223568e-06 -3.949199e-02 8.816775e-05
330            4.702365e-05 -3.060774e+00 -1.071651e-02 4.809406e-05 -3.021404e+00 -1.078513e-02 -1.070409e-06 -3.936995e-02 6.862261e-05
331            4.650574e-05 -3.063321e+00 -1.058932e-02 4.743832e-05 -3.024046e+00 -1.064026e-02 -9.325744e-07 -3.927473e-02 5.093675e-05
332            4.591857e-05 -3.069481e+00 -1.044096e-02 4.672708e-05 -3.030270e+00 -1.047603e-02 -8.085131e-07 -3.921153e-02 3.507272e-05
333            4.511817e-05 -3.078025e+00 -1.025219e-02 4.581589e-05 -3.038848e+00 -1.027298e-02 -6.977148e-07 -3.917741e-02 2.079085e-05
334            4.414175e-05 -3.087207e+00 -1.002508e-02 4.473641e-05 -3.048043e+00 -1.003260e-02 -5.946633e-07 -3.916445e-02 7.514888e-06
335            4.291188e-05 -3.095132e+00 -9.748138e-03 4.341766e-05 -3.055972e+00 -9.744194e-03 -5.057878e-07 -3.916012e-02 -3.944438e-06
336            4.146059e-05 -3.100191e+00 -9.427670e-03 4.189173e-05 -3.061040e+00 -9.414048e-03 -4.311335e-07 -3.915178e-02 -1.362260e-05
337            3.986474e-05 -3.101424e+00 -9.074907e-03 4.023857e-05 -3.062299e+00 -9.053605e-03 -3.738296e-07 -3.912519e-02 -2.130162e-05
338            3.811615e-05 -3.098741e+00 -8.690623e-03 3.844055e-05 -3.059667e+00 -8.662664e-03 -3.244040e-07 -3.907449e-02 -2.795872e-05
339            3.632000e-05 -3.092956e+00 -8.289513e-03 3.660397e-05 -3.053958e+00 -8.256073e-03 -2.839695e-07 -3.899760e-02 -3.343974e-05
340            3.460547e-05 -3.085608e+00 -7.891648e-03 3.485853e-05 -3.046705e+00 -7.853935e-03 -2.530570e-07 -3.890266e-02 -3.771318e-05
341            3.303149e-05 -3.078569e+00 -7.508097e-03 3.325985e-05 -3.039768e+00 -7.466900e-03 -2.283580e-07 -3.880093e-02 -4.119679e-05
342            3.154040e-05 -3.073597e+00 -7.136418e-03 3.175223e-05 -3.034890e+00 -7.092575e-03 -2.118314e-07 -3.870662e-02 -4.384385e-05
343            3.020345e-05 -3.071934e+00 -6.789876e-03 3.040121e-05 -3.033300e+00 -6.743565e-03 -1.977596e-07 -3.863380e-02 -4.631109e-05
344            2.911631e-05 -3.074018e+00 -6.480012e-03 2.930100e-05 -3.035426e+00 -6.431354e-03 -1.846864e-07 -3.859191e-02 -4.865831e-05
345            2.828481e-05 -3.079386e+00 -6.213430e-03 2.846519e-05 -3.040802e+00 -6.163208e-03 -1.803841e-07 -3.858385e-02 -5.022167e-05
346            2.769005e-05 -3.086847e+00 -5.988898e-03 2.786888e-05 -3.048239e+00 -5.937321e-03 -1.788276e-07 -3.860807e-02 -5.157678e-05
347            2.726632e-05 -3.094710e+00 -5.796034e-03 2.745008e-05 -3.056057e+00 -5.743518e-03 -1.837550e-07 -3.865327e-02 -5.251568e-05
348            2.693267e-05 -3.101221e+00 -5.622410e-03 2.713058e-05 -3.062511e+00 -5.569832e-03 -1.979108e-07 -3.870955e-02 -5.257836e-05
349            2.665826e-05 -3.104886e+00 -5.461386e-03 2.687232e-05 -3.066123e+00 -5.408808e-03 -2.140594e-07 -3.876369e-02 -5.257822e-05
350            2.639373e-05 -3.104868e+00 -5.302871e-03 2.663342e-05 -3.066061e+00 -5.251226e-03 -2.396886e-07 -3.880701e-02 -5.164504e-05
351            2.604710e-05 -3.101104e+00 -5.139440e-03 2.631569e-05 -3.062276e+00 -5.088864e-03 -2.685953e-07 -3.882842e-02 -5.057637e-05
352            2.560224e-05 -3.094426e+00 -4.964125e-03 2.590984e-05 -3.055595e+00 -4.915646e-03 -3.075976e-07 -3.883084e-02 -4.847939e-05
353            2.513248e-05 -3.086262e+00 -4.785756e-03 2.548639e-05 -3.047446e+00 -4.740157e-03 -3.539102e-07 -3.881590e-02 -4.559988e-05
354            2.466465e-05 -3.078392e+00 -4.610234e-03 2.506948e-05 -3.039594e+00 -4.568147e-03 -4.048303e-07 -3.879761e-02 -4.208782e-05
355            2.419632e-05 -3.072437e+00 -4.438059e-03 2.465908e-05 -3.033652e+00 -4.400346e-03 -4.627636e-07 -3.878484e-02 -3.771254e-05
356            2.375399e-05 -3.069584e+00 -4.274341e-03 2.428233e-05 -3.030790e+00 -4.241956e-03 -5.283396e-07 -3.879350e-02 -3.238536e-05
357            2.342374e-05 -3.070203e+00 -4.126670e-03 2.401980e-05 -3.031378e+00 -4.099916e-03 -5.960553e-07 -3.882560e-02 -2.675470e-05
358            2.320147e-05 -3.073930e+00 -3.993921e-03 2.387147e-05 -3.035039e+00 -3.973822e-03 -6.699936e-07 -3.889104e-02 -2.009869e-05
359            2.300568e-05 -3.079636e+00 -3.872948e-03 2.375836e-05 -3.040655e+00 -3.860585e-03 -7.526888e-07 -3.898122e-02 -1.236272e-05
360            2.285004e-05 -3.085819e+00 -3.761351e-03 2.368438e-05 -3.046726e+00 -3.756719e-03 -8.343379e-07 -3.909318e-02 -4.631995e-06
361            2.267906e-05 -3.090844e+00 -3.653359e-03 2.359558e-05 -3.051634e+00 -3.656585e-03 -9.165192e-07 -3.920927e-02 3.225535e-06
362            2.254762e-05 -3.093413e+00 -3.554573e-03 2.353392e-05 -3.054092e+00 -3.564168e-03 -9.862953e-07 -3.932150e-02 9.594584e-06
363            2.243341e-05 -3.092736e+00 -3.461504e-03 2.347467e-05 -3.053321e+00 -3.475569e-03 -1.041263e-06 -3.941475e-02 1.406507e-05
364            2.232953e-05 -3.088836e+00 -3.373582e-03 2.339949e-05 -3.049349e+00 -3.388731e-03 -1.069951e-06 -3.948783e-02 1.514912e-05
365            2.214758e-05 -3.082444e+00 -3.277926e-03 2.322265e-05 -3.042909e+00 -3.291091e-03 -1.075066e-06 -3.953542e-02 1.316555e-05
366            2.185867e-05 -3.074907e+00 -3.170842e-03 2.290814e-05 -3.035340e+00 -3.178163e-03 -1.049469e-06 -3.956758e-02 7.320338e-06
367            2.135761e-05 -3.067787e+00 -3.036951e-03 2.236327e-05 -3.028198e+00 -3.036262e-03 -1.005662e-06 -3.958911e-02 -6.892905e-07
368            2.069910e-05 -3.062585e+00 -2.878140e-03 2.163996e-05 -3.022969e+00 -2.866908e-03 -9.408558e-07 -3.961599e-02 -1.123238e-05
369            1.978489e-05 -3.060277e+00 -2.677965e-03 2.065287e-05 -3.020623e+00 -2.655320e-03 -8.679813e-07 -3.965390e-02 -2.264551e-05
370            1.862128e-05 -3.061210e+00 -2.432499e-03 1.939585e-05 -3.021494e+00 -2.396038e-03 -7.745707e-07 -3.971521e-02 -3.646097e-05
371            1.714296e-05 -3.064932e+00 -2.131821e-03 1.781498e-05 -3.025136e+00 -2.080777e-03 -6.720245e-07 -3.979584e-02 -5.104388e-05
372            1.541551e-05 -3.070433e+00 -1.780775e-03 1.596650e-05 -3.030536e+00 -1.713142e-03 -5.509882e-07 -3.989709e-02 -6.763318e-05
373            1.337463e-05 -3.076262e+00 -1.366910e-03 1.378033e-05 -3.036255e+00 -1.280179e-03 -4.057080e-07 -4.000741e-02 -8.673044e-05
374            1.105574e-05 -3.080983e+00 -8.903137e-04 1.128444e-05 -3.040862e+00 -7.807777e-04 -2.287009e-07 -4.012087e-02 -1.095359e-04
375            8.423659e-06 -3.083382e+00 -3.469758e-04 8.443604e-06 -3.043160e+00 -2.110924e-04 -1.994548e-08 -4.022161e-02 -1.358834e-04
376            5.463471e-06 -3.082829e+00 2.639839e-04 5.246272e-06 -3.042524e+00 4.295427e-04 2.171990e-07 -4.030487e-02 -1.655588e-04
377            2.071975e-06 -3.079357e+00 9.551422e-04 1.595422e-06 -3.038996e+00 1.152765e-03 4.765531e-07 -4.036073e-02 -1.976233e-04
378            -1.644160e-06 -3.073705e+00 1.712086e-03 -2.427583e-06 -3.033312e+00 1.947288e-03 7.834230e-07 -4.039263e-02 -2.352013e-04
379            -5.946599e-06 -3.067085e+00 2.560873e-03 -7.058672e-06 -3.026681e+00 2.836452e-03 1.112073e-06 -4.040383e-02 -2.755790e-04
380            -1.067615e-05 -3.060955e+00 3.485626e-03 -1.214884e-05 -3.020549e+00 3.805222e-03 1.472690e-06 -4.040624e-02 -3.195961e-04
381            -1.584749e-05 -3.056615e+00 4.486195e-03 -1.770306e-05 -3.016212e+00 4.852602e-03 1.855563e-06 -4.040353e-02 -3.664071e-04
382            -2.132086e-05 -3.054955e+00 5.546571e-03 -2.358263e-05 -3.014547e+00 5.962351e-03 2.261771e-06 -4.040862e-02 -4.157802e-04
383            -2.709390e-05 -3.056200e+00 6.661184e-03 -2.976254e-05 -3.015776e+00 7.126432e-03 2.668641e-06 -4.042376e-02 -4.652472e-04
384            -3.288586e-05 -3.059931e+00 7.803690e-03 -3.598352e-05 -3.019478e+00 8.320692e-03 3.097662e-06 -4.045297e-02 -5.170025e-04
385            -3.865335e-05 -3.065156e+00 8.973098e-03 -4.217634e-05 -3.024664e+00 9.541395e-03 3.522995e-06 -4.049189e-02 -5.682977e-04
386            -4.430504e-05 -3.070602e+00 1.015601e-02 -4.825588e-05 -3.030066e+00 1.077538e-02 3.950846e-06 -4.053634e-02 -6.193680e-04
387            -4.992697e-05 -3.074949e+00 1.136355e-02 -5.429312e-05 -3.034377e+00 1.203236e-02 4.366146e-06 -4.057182e-02 -6.688072e-04
388            -5.544835e-05 -3.077197e+00 1.259504e-02 -6.023885e-05 -3.036607e+00 1.331367e-02 4.790496e-06 -4.059040e-02 -7.186324e-04
389            -6.115068e-05 -3.076805e+00 1.388205e-02 -6.636751e-05 -3.036222e+00 1.465044e-02 5.216832e-06 -4.058363e-02 -7.683888e-04
390            -6.720181e-05 -3.073899e+00 1.524308e-02 -7.284253e-05 -3.033343e+00 1.605988e-02 5.640727e-06 -4.055644e-02 -8.168067e-04
391            -7.374509e-05 -3.069190e+00 1.668777e-02 -7.977755e-05 -3.028686e+00 1.754836e-02 6.032462e-06 -4.050478e-02 -8.605940e-04
392            -8.071329e-05 -3.063826e+00 1.819938e-02 -8.709764e-05 -3.023389e+00 1.909805e-02 6.384352e-06 -4.043675e-02 -8.986736e-04
393            -8.792848e-05 -3.059091e+00 1.975056e-02 -9.461202e-05 -3.018736e+00 2.068060e-02 6.683538e-06 -4.035546e-02 -9.300397e-04
394            -9.497752e-05 -3.056134e+00 2.129137e-02 -1.019273e-04 -3.015863e+00 2.224861e-02 6.949772e-06 -4.027122e-02 -9.572412e-04
395            -1.015013e-04 -3.055664e+00 2.278603e-02 -1.086948e-04 -3.015475e+00 2.376818e-02 7.193527e-06 -4.018847e-02 -9.821485e-04
396            -1.073727e-04 -3.057845e+00 2.421846e-02 -1.147855e-04 -3.017728e+00 2.522272e-02 7.412777e-06 -4.011688e-02 -1.004262e-03
397            -1.129493e-04 -3.062245e+00 2.562198e-02 -1.205180e-04 -3.022187e+00 2.664088e-02 7.568706e-06 -4.005785e-02 -1.018902e-03
398            -1.185420e-04 -3.067977e+00 2.702919e-02 -1.262075e-04 -3.027963e+00 2.805523e-02 7.665538e-06 -4.001469e-02 -1.026046e-03
399            -1.243722e-04 -3.073861e+00 2.847472e-02 -1.320887e-04 -3.033883e+00 2.950236e-02 7.716541e-06 -3.997761e-02 -1.027641e-03
400            -1.303959e-04 -3.078775e+00 2.996103e-02 -1.381567e-04 -3.038831e+00 3.098918e-02 7.760845e-06 -3.994434e-02 -1.028157e-03
401            -1.365285e-04 -3.081811e+00 3.148420e-02 -1.443161e-04 -3.041909e+00 3.251089e-02 7.787625e-06 -3.990207e-02 -1.026692e-03
402            -1.426268e-04 -3.082561e+00 3.302438e-02 -1.504297e-04 -3.042710e+00 3.404787e-02 7.802883e-06 -3.985065e-02 -1.023496e-03
403            -1.485850e-04 -3.081112e+00 3.456527e-02 -1.563791e-04 -3.041332e+00 3.558287e-02 7.794133e-06 -3.978066e-02 -1.017591e-03
404            -1.543199e-04 -3.078149e+00 3.609054e-02 -1.620956e-04 -3.038450e+00 3.710070e-02 7.775731e-06 -3.969954e-02 -1.010157e-03
405            -1.598278e-04 -3.074630e+00 3.759330e-02 -1.675572e-04 -3.035026e+00 3.859273e-02 7.729369e-06 -3.960414e-02 -9.994370e-04
406            -1.650569e-04 -3.071717e+00 3.906117e-02 -1.727281e-04 -3.032207e+00 4.004806e-02 7.671208e-06 -3.950976e-02 -9.868887e-04
407            -1.699313e-04 -3.070319e+00 4.048196e-02 -1.775044e-04 -3.030903e+00 4.145188e-02 7.573170e-06 -3.941570e-02 -9.699152e-04
408            -1.743530e-04 -3.071065e+00 4.183511e-02 -1.818102e-04 -3.031726e+00 4.278570e-02 7.457274e-06 -3.933869e-02 -9.505873e-04
409            -1.783253e-04 -3.073972e+00 4.311708e-02 -1.856157e-04 -3.034698e+00 4.404290e-02 7.290399e-06 -3.927385e-02 -9.258164e-04
410            -1.818467e-04 -3.078648e+00 4.432148e-02 -1.889475e-04 -3.039418e+00 4.521992e-02 7.100855e-06 -3.923070e-02 -8.984342e-04
411            -1.849583e-04 -3.084204e+00 4.545414e-02 -1.918264e-04 -3.045007e+00 4.632089e-02 6.868033e-06 -3.919700e-02 -8.667546e-04
412            -1.876953e-04 -3.089649e+00 4.651723e-02 -1.943145e-04 -3.050473e+00 4.735073e-02 6.619212e-06 -3.917608e-02 -8.335041e-04
413            -1.901289e-04 -3.093924e+00 4.752161e-02 -1.964599e-04 -3.054773e+00 4.831819e-02 6.330954e-06 -3.915113e-02 -7.965804e-04
414            -1.922106e-04 -3.096335e+00 4.846096e-02 -1.982443e-04 -3.057211e+00 4.921988e-02 6.033710e-06 -3.912394e-02 -7.589195e-04
415            -1.939367e-04 -3.096508e+00 4.933775e-02 -1.996397e-04 -3.057428e+00 5.005624e-02 5.702985e-06 -3.908038e-02 -7.184926e-04
416            -1.952224e-04 -3.094680e+00 5.013950e-02 -2.005923e-04 -3.055653e+00 5.081771e-02 5.369880e-06 -3.902697e-02 -6.782060e-04
417            -1.960740e-04 -3.091423e+00 5.086622e-02 -2.010769e-04 -3.052466e+00 5.150148e-02 5.002901e-06 -3.895627e-02 -6.352622e-04
418            -1.964470e-04 -3.087728e+00 5.150369e-02 -2.010756e-04 -3.048844e+00 5.209579e-02 4.628682e-06 -3.888360e-02 -5.920982e-04
419            -1.964393e-04 -3.084553e+00 5.206309e-02 -2.006591e-04 -3.045746e+00 5.260954e-02 4.219835e-06 -3.880644e-02 -5.464448e-04
420            -1.961008e-04 -3.082791e+00 5.254719e-02 -1.999329e-04 -3.044050e+00 5.305132e-02 3.832074e-06 -3.874119e-02 -5.041248e-04
421            -1.954684e-04 -3.082884e+00 5.295744e-02 -1.988917e-04 -3.044198e+00 5.341836e-02 3.423397e-06 -3.868561e-02 -4.609216e-04
422            -1.945268e-04 -3.084899e+00 5.328629e-02 -1.975658e-04 -3.046246e+00 5.370755e-02 3.039087e-06 -3.865300e-02 -4.212602e-04
423            -1.935017e-04 -3.088340e+00 5.356634e-02 -1.961304e-04 -3.049706e+00 5.394634e-02 2.628730e-06 -3.863430e-02 -3.799992e-04
424            -1.923902e-04 -3.092483e+00 5.380274e-02 -1.946300e-04 -3.053846e+00 5.414446e-02 2.239776e-06 -3.863668e-02 -3.417214e-04
425            -1.914746e-04 -3.096345e+00 5.403700e-02 -1.933189e-04 -3.057700e+00 5.434109e-02 1.844312e-06 -3.864533e-02 -3.040989e-04
426            -1.908001e-04 -3.099077e+00 5.428121e-02 -1.922704e-04 -3.060417e+00 5.455058e-02 1.470367e-06 -3.865971e-02 -2.693694e-04
427            -1.904803e-04 -3.099990e+00 5.456169e-02 -1.915618e-04 -3.061323e+00 5.479574e-02 1.081453e-06 -3.866685e-02 -2.340477e-04
428            -1.905306e-04 -3.098895e+00 5.488419e-02 -1.912555e-04 -3.060225e+00 5.508686e-02 7.249763e-07 -3.866934e-02 -2.026741e-04
429            -1.910598e-04 -3.095970e+00 5.526900e-02 -1.914130e-04 -3.057311e+00 5.543929e-02 3.531730e-07 -3.865924e-02 -1.702941e-04
430            -1.920226e-04 -3.091872e+00 5.571004e-02 -1.920361e-04 -3.053229e+00 5.585145e-02 1.357765e-08 -3.864326e-02 -1.414033e-04
431            -1.934699e-04 -3.087424e+00 5.622279e-02 -1.931549e-04 -3.048804e+00 5.633705e-02 -3.149851e-07 -3.862004e-02 -1.142625e-04
432            -1.952951e-04 -3.083587e+00 5.678646e-02 -1.947082e-04 -3.044985e+00 5.687970e-02 -5.869193e-07 -3.860229e-02 -9.324444e-05
433            -1.974824e-04 -3.081090e+00 5.739933e-02 -1.966429e-04 -3.042500e+00 5.747396e-02 -8.395547e-07 -3.859018e-02 -7.463072e-05
434            -2.000121e-04 -3.080382e+00 5.805310e-02 -1.989582e-04 -3.041787e+00 5.811280e-02 -1.053831e-06 -3.859531e-02 -5.969346e-05
435            -2.029433e-04 -3.081411e+00 5.875687e-02 -2.016866e-04 -3.042797e+00 5.880286e-02 -1.256708e-06 -3.861390e-02 -4.599205e-05
436            -2.063070e-04 -3.083817e+00 5.950805e-02 -2.049002e-04 -3.045165e+00 5.954569e-02 -1.406780e-06 -3.865191e-02 -3.764097e-05
437            -2.103131e-04 -3.086842e+00 6.032509e-02 -2.087961e-04 -3.048144e+00 6.035892e-02 -1.516974e-06 -3.869799e-02 -3.382556e-05
438            -2.148438e-04 -3.089662e+00 6.119215e-02 -2.132702e-04 -3.050908e+00 6.122742e-02 -1.573585e-06 -3.875348e-02 -3.526981e-05
439            -2.198735e-04 -3.091435e+00 6.211793e-02 -2.182808e-04 -3.052630e+00 6.215845e-02 -1.592781e-06 -3.880496e-02 -4.051466e-05
440            -2.253761e-04 -3.091630e+00 6.309655e-02 -2.237924e-04 -3.052777e+00 6.314414e-02 -1.583693e-06 -3.885292e-02 -4.758842e-05
441            -2.313620e-04 -3.090031e+00 6.414103e-02 -2.297997e-04 -3.051144e+00 6.419599e-02 -1.562280e-06 -3.888669e-02 -5.496258e-05
442            -2.379618e-04 -3.086898e+00 6.526290e-02 -2.364336e-04 -3.047989e+00 6.532489e-02 -1.528257e-06 -3.890910e-02 -6.198453e-05
443            -2.452761e-04 -3.082798e+00 6.647564e-02 -2.437774e-04 -3.043880e+00 6.654247e-02 -1.498708e-06 -3.891787e-02 -6.682983e-05
444            -2.531415e-04 -3.078546e+00 6.774833e-02 -2.516758e-04 -3.039623e+00 6.781811e-02 -1.465638e-06 -3.892313e-02 -6.978594e-05
445            -2.611202e-04 -3.074955e+00 6.903891e-02 -2.596832e-04 -3.036031e+00 6.910948e-02 -1.437058e-06 -3.892425e-02 -7.057118e-05
446            -2.691968e-04 -3.072689e+00 7.034768e-02 -2.677986e-04 -3.033757e+00 7.041799e-02 -1.398263e-06 -3.893214e-02 -7.031017e-05
447            -2.773273e-04 -3.072060e+00 7.166749e-02 -2.759328e-04 -3.033113e+00 7.173156e-02 -1.394516e-06 -3.894683e-02 -6.406424e-05
448            -2.858784e-04 -3.073025e+00 7.303590e-02 -2.844486e-04 -3.034045e+00 7.308613e-02 -1.429771e-06 -3.897970e-02 -5.022984e-05
449            -2.946366e-04 -3.075205e+00 7.442643e-02 -2.931155e-04 -3.036185e+00 7.445448e-02 -1.521104e-06 -3.902009e-02 -2.804804e-05
450            -3.031829e-04 -3.077915e+00 7.580027e-02 -3.014827e-04 -3.038844e+00 7.579325e-02 -1.700216e-06 -3.907102e-02 7.017666e-06
451            -3.112250e-04 -3.080340e+00 7.711817e-02 -3.092507e-04 -3.041219e+00 7.706315e-02 -1.974314e-06 -3.912133e-02 5.501835e-05
452            -3.187433e-04 -3.081740e+00 7.836508e-02 -3.163812e-04 -3.042571e+00 7.824685e-02 -2.362164e-06 -3.916880e-02 1.182294e-04
453            -3.254869e-04 -3.081594e+00 7.949842e-02 -3.226426e-04 -3.042391e+00 7.930518e-02 -2.844337e-06 -3.920308e-02 1.932387e-04
454            -3.313389e-04 -3.079765e+00 8.050371e-02 -3.279414e-04 -3.040535e+00 8.022560e-02 -3.397522e-06 -3.922985e-02 2.781091e-04
455            -3.358841e-04 -3.076442e+00 8.131474e-02 -3.318354e-04 -3.037199e+00 8.093914e-02 -4.048678e-06 -3.924321e-02 3.756023e-04
456            -3.394677e-04 -3.072177e+00 8.194521e-02 -3.346791e-04 -3.032926e+00 8.146030e-02 -4.788531e-06 -3.925143e-02 4.849089e-04
457            -3.421040e-04 -3.067640e+00 8.240287e-02 -3.364864e-04 -3.028386e+00 8.179718e-02 -5.617584e-06 -3.925399e-02 6.056940e-04
458            -3.440052e-04 -3.063659e+00 8.272217e-02 -3.375019e-04 -3.024395e+00 8.198683e-02 -6.503244e-06 -3.926398e-02 7.353449e-04
459            -3.456184e-04 -3.060816e+00 8.297096e-02 -3.381792e-04 -3.021532e+00 8.209744e-02 -7.439231e-06 -3.928420e-02 8.735222e-04
460            -3.475735e-04 -3.059439e+00 8.326363e-02 -3.392332e-04 -3.020112e+00 8.225206e-02 -8.340299e-06 -3.932618e-02 1.011575e-03
461            -3.491644e-04 -3.059605e+00 8.352093e-02 -3.400332e-04 -3.020213e+00 8.238023e-02 -9.131170e-06 -3.939234e-02 1.140697e-03
462            -3.516100e-04 -3.060861e+00 8.391554e-02 -3.418962e-04 -3.021376e+00 8.266563e-02 -9.713882e-06 -3.948487e-02 1.249916e-03
463            -3.516605e-04 -3.062878e+00 8.413463e-02 -3.415609e-04 -3.023285e+00 8.279595e-02 -1.009966e-05 -3.959267e-02 1.338682e-03
464            -3.493736e-04 -3.064903e+00 8.410942e-02 -3.391286e-04 -3.025190e+00 8.270774e-02 -1.024500e-05 -3.971339e-02 1.401678e-03
465            -3.447267e-04 -3.066346e+00 8.383630e-02 -3.344296e-04 -3.026513e+00 8.238179e-02 -1.029713e-05 -3.983343e-02 1.454510e-03
466            -3.394796e-04 -3.066673e+00 8.351392e-02 -3.292513e-04 -3.026728e+00 8.202056e-02 -1.022835e-05 -3.994527e-02 1.493361e-03
467            -3.319846e-04 -3.065828e+00 8.285852e-02 -3.218744e-04 -3.025787e+00 8.133482e-02 -1.011021e-05 -4.004042e-02 1.523698e-03
468            -3.228437e-04 -3.064034e+00 8.196376e-02 -3.129154e-04 -3.023910e+00 8.041690e-02 -9.928218e-06 -4.012430e-02 1.546858e-03
469            -3.122579e-04 -3.061660e+00 8.078124e-02 -3.024702e-04 -3.021471e+00 7.920997e-02 -9.787710e-06 -4.018972e-02 1.571265e-03
470            -2.999211e-04 -3.059288e+00 7.923996e-02 -2.903025e-04 -3.019042e+00 7.764909e-02 -9.618644e-06 -4.024633e-02 1.590870e-03
471            -2.860164e-04 -3.057506e+00 7.731910e-02 -2.764891e-04 -3.017211e+00 7.570273e-02 -9.527319e-06 -4.029581e-02 1.616371e-03
472            -2.702720e-04 -3.056828e+00 7.498292e-02 -2.607848e-04 -3.016482e+00 7.333732e-02 -9.487237e-06 -4.034602e-02 1.645606e-03
473            -2.528950e-04 -3.057427e+00 7.222243e-02 -2.432499e-04 -3.017036e+00 7.053111e-02 -9.645105e-06 -4.039137e-02 1.691322e-03
474            -2.339729e-04 -3.059211e+00 6.904839e-02 -2.240990e-04 -3.018772e+00 6.730738e-02 -9.873891e-06 -4.043966e-02 1.741007e-03
475            -2.136917e-04 -3.061767e+00 6.544516e-02 -2.034220e-04 -3.021282e+00 6.364152e-02 -1.026967e-05 -4.048434e-02 1.803640e-03
476            -1.918992e-04 -3.064543e+00 6.140499e-02 -1.811878e-04 -3.024013e+00 5.953761e-02 -1.071139e-05 -4.052983e-02 1.867374e-03
477            -1.688232e-04 -3.066899e+00 5.696107e-02 -1.575154e-04 -3.026335e+00 5.501857e-02 -1.130777e-05 -4.056419e-02 1.942497e-03
478            -1.444703e-04 -3.068348e+00 5.215182e-02 -1.324658e-04 -3.027760e+00 5.012806e-02 -1.200453e-05 -4.058754e-02 2.023765e-03
479            -1.191097e-04 -3.068603e+00 4.705071e-02 -1.062796e-04 -3.028012e+00 4.493761e-02 -1.283011e-05 -4.059127e-02 2.113095e-03
480            -9.270550e-05 -3.067708e+00 4.169333e-02 -7.901113e-05 -3.027132e+00 3.949188e-02 -1.369437e-05 -4.057558e-02 2.201448e-03
481            -6.581770e-05 -3.065953e+00 3.618002e-02 -5.121541e-05 -3.025412e+00 3.389101e-02 -1.460229e-05 -4.054075e-02 2.289017e-03
482            -3.911791e-05 -3.063843e+00 3.061351e-02 -2.355864e-05 -3.023352e+00 2.823690e-02 -1.555927e-05 -4.049154e-02 2.376610e-03
483            -1.300765e-05 -3.061976e+00 2.506450e-02 3.532244e-06 -3.021546e+00 2.260364e-02 -1.653989e-05 -4.043017e-02 2.460864e-03
484            1.162106e-05 -3.060895e+00 1.965657e-02 2.910421e-05 -3.020528e+00 1.712131e-02 -1.748315e-05 -4.036737e-02 2.535257e-03
485            3.336495e-05 -3.060972e+00 1.457916e-02 5.169159e-05 -3.020669e+00 1.198493e-02 -1.832664e-05 -4.030278e-02 2.594228e-03
486            5.181910e-05 -3.062378e+00 9.904858e-03 7.082959e-05 -3.022129e+00 7.272624e-03 -1.901050e-05 -4.024896e-02 2.632234e-03
487            6.638453e-05 -3.064861e+00 5.724870e-03 8.593966e-05 -3.024657e+00 3.072648e-03 -1.955513e-05 -4.020339e-02 2.652222e-03
488            7.728172e-05 -3.068055e+00 2.045876e-03 9.724643e-05 -3.027886e+00 -6.100380e-04 -1.996471e-05 -4.016928e-02 2.655914e-03
489            8.474211e-05 -3.071338e+00 -1.134985e-03 1.049569e-04 -3.031201e+00 -3.775912e-03 -2.021478e-05 -4.013740e-02 2.640927e-03
490            8.937297e-05 -3.074101e+00 -3.854407e-03 1.096272e-04 -3.033993e+00 -6.456640e-03 -2.025423e-05 -4.010816e-02 2.602232e-03
491            9.209185e-05 -3.075823e+00 -6.176450e-03 1.121981e-04 -3.035744e+00 -8.719631e-03 -2.010630e-05 -4.007932e-02 2.543181e-03
492            9.366096e-05 -3.076213e+00 -8.141764e-03 1.134482e-04 -3.036163e+00 -1.060834e-02 -1.978728e-05 -4.004984e-02 2.466577e-03
493            9.430406e-05 -3.075216e+00 -9.727378e-03 1.136173e-04 -3.035202e+00 -1.210220e-02 -1.931322e-05 -4.001446e-02 2.374823e-03
494            9.411904e-05 -3.073094e+00 -1.089235e-02 1.128072e-04 -3.033119e+00 -1.316173e-02 -1.868813e-05 -3.997590e-02 2.269380e-03
495            9.306565e-05 -3.070306e+00 -1.159754e-02 1.110331e-04 -3.030372e+00 -1.375514e-02 -1.796747e-05 -3.993394e-02 2.157594e-03
496            9.126396e-05 -3.067438e+00 -1.185452e-02 1.084409e-04 -3.027546e+00 -1.389765e-02 -1.717691e-05 -3.989244e-02 2.043133e-03
497            8.869215e-05 -3.065055e+00 -1.168689e-02 1.050746e-04 -3.025200e+00 -1.362091e-02 -1.638242e-05 -3.985451e-02 1.934022e-03
498            8.573888e-05 -3.063600e+00 -1.119855e-02 1.012993e-04 -3.023776e+00 -1.302557e-02 -1.556041e-05 -3.982308e-02 1.827020e-03
499            8.253766e-05 -3.063276e+00 -1.049275e-02 9.729389e-05 -3.023478e+00 -1.221895e-02 -1.475622e-05 -3.979726e-02 1.726203e-03
500            7.960394e-05 -3.064025e+00 -9.728803e-03 9.352605e-05 -3.024248e+00 -1.135396e-02 -1.392210e-05 -3.977782e-02 1.625157e-03
