Time        	total_x total_y total_z	pressure_x pressure_y pressure_z	viscous_x viscous_y viscous_z
1              1.081120e+02 4.748670e-03 1.796057e+01 1.078909e+02 4.744349e-03 1.796186e+01 2.210996e-01 4.320694e-06 -1.283519e-03
2              2.510707e+01 3.345612e-02 4.876285e+00 2.994374e+01 3.302400e-02 4.987972e+00 -4.836669e+00 4.321235e-04 -1.116864e-01
3              1.647546e+02 4.738512e-01 -4.661672e+00 1.657440e+02 4.727336e-01 -4.573076e+00 -9.893758e-01 1.117653e-03 -8.859598e-02
4              2.855351e+01 2.672261e-01 -1.621800e+01 2.883784e+01 2.675807e-01 -1.619519e+01 -2.843302e-01 -3.545804e-04 -2.281301e-02
5              3.760531e+00 1.202858e-01 -3.916154e+00 3.853318e+00 1.201360e-01 -3.924250e+00 -9.278725e-02 1.498002e-04 8.096126e-03
6              5.368274e+00 2.389348e-01 6.550548e+00 5.351444e+00 2.375369e-01 6.529809e+00 1.682966e-02 1.397856e-03 2.073912e-02
7              7.213048e+00 2.001892e-01 1.037291e+01 7.085471e+00 1.993312e-01 1.033055e+01 1.275773e-01 8.579926e-04 4.235786e-02
8              7.246591e+00 1.420763e-01 7.686829e+00 7.078433e+00 1.410219e-01 7.633035e+00 1.681576e-01 1.054374e-03 5.379402e-02
9              5.754658e+00 9.997661e-02 3.952148e+00 5.550529e+00 9.969617e-02 3.910542e+00 2.041285e-01 2.804344e-04 4.160558e-02
10             3.578134e+00 1.713630e-02 -3.495448e-01 3.406761e+00 1.824726e-02 -3.628043e-01 1.713737e-01 -1.110962e-03 1.325954e-02
11             2.354311e+00 -7.217273e-02 -3.317903e+00 2.193759e+00 -7.000591e-02 -3.321671e+00 1.605522e-01 -2.166820e-03 3.767860e-03
12             1.421622e+00 -1.441054e-01 -5.536312e+00 1.310994e+00 -1.425508e-01 -5.529308e+00 1.106283e-01 -1.554504e-03 -7.003363e-03
13             1.046855e+00 -2.502906e-01 -6.393391e+00 9.488859e-01 -2.501310e-01 -6.383697e+00 9.796903e-02 -1.596362e-04 -9.694239e-03
14             6.763198e-01 -3.368215e-01 -6.215769e+00 6.019329e-01 -3.378422e-01 -6.204020e+00 7.438693e-02 1.020736e-03 -1.174848e-02
15             6.561670e-01 -3.839518e-01 -5.549973e+00 5.838227e-01 -3.846509e-01 -5.533305e+00 7.234437e-02 6.991736e-04 -1.666720e-02
16             6.745376e-01 -4.254359e-01 -4.778543e+00 6.145133e-01 -4.275622e-01 -4.759619e+00 6.002434e-02 2.126239e-03 -1.892423e-02
17             7.438743e-01 -4.209528e-01 -4.086349e+00 6.912533e-01 -4.236910e-01 -4.067424e+00 5.262096e-02 2.738175e-03 -1.892506e-02
18             7.113490e-01 -4.111163e-01 -3.616353e+00 6.711111e-01 -4.134165e-01 -3.600221e+00 4.023782e-02 2.300264e-03 -1.613192e-02
19             6.473532e-01 -4.208166e-01 -3.256168e+00 6.138912e-01 -4.227422e-01 -3.242007e+00 3.346200e-02 1.925612e-03 -1.416053e-02
20             4.573397e-01 -4.023859e-01 -2.832787e+00 4.293575e-01 -4.039332e-01 -2.820418e+00 2.798225e-02 1.547255e-03 -1.236944e-02
21             2.686536e-01 -3.585611e-01 -2.188539e+00 2.431134e-01 -3.596079e-01 -2.178386e+00 2.554022e-02 1.046782e-03 -1.015371e-02
22             1.574218e-01 -2.694987e-01 -1.364129e+00 1.368659e-01 -2.703974e-01 -1.356238e+00 2.055586e-02 8.987297e-04 -7.890846e-03
23             2.252305e-01 -1.510728e-01 -5.666602e-01 2.077368e-01 -1.521456e-01 -5.625614e-01 1.749371e-02 1.072869e-03 -4.098863e-03
24             4.062212e-01 -3.791375e-02 -5.842239e-02 3.922577e-01 -3.986223e-02 -5.637840e-02 1.396351e-02 1.948476e-03 -2.043990e-03
25             6.238522e-01 4.676604e-02 2.105763e-01 6.112732e-01 4.495599e-02 2.103926e-01 1.257904e-02 1.810042e-03 1.837917e-04
26             7.657352e-01 9.773058e-02 3.047804e-01 7.547509e-01 9.542229e-02 3.036088e-01 1.098426e-02 2.308295e-03 1.171601e-03
27             8.107289e-01 1.146834e-01 3.159468e-01 8.003022e-01 1.127281e-01 3.138612e-01 1.042668e-02 1.955299e-03 2.085581e-03
28             7.612401e-01 1.086348e-01 3.151095e-01 7.511115e-01 1.065404e-01 3.128371e-01 1.012851e-02 2.094384e-03 2.272406e-03
29             6.711468e-01 8.260817e-02 3.095133e-01 6.605909e-01 8.074417e-02 3.069118e-01 1.055587e-02 1.863993e-03 2.601516e-03
30             5.919790e-01 6.079147e-02 2.725388e-01 5.802156e-01 5.860903e-02 2.703422e-01 1.176336e-02 2.182444e-03 2.196561e-03
31             5.298778e-01 5.931849e-02 2.168950e-01 5.168620e-01 5.724072e-02 2.148506e-01 1.301572e-02 2.077769e-03 2.044399e-03
32             4.914030e-01 8.221428e-02 1.424092e-01 4.766678e-01 7.985748e-02 1.410058e-01 1.473520e-02 2.356797e-03 1.403409e-03
33             4.660343e-01 1.212244e-01 7.176575e-02 4.493990e-01 1.186273e-01 7.082122e-02 1.663531e-02 2.597082e-03 9.445387e-04
34             4.474523e-01 1.657211e-01 2.097754e-02 4.287338e-01 1.623715e-01 2.036848e-02 1.871858e-02 3.349524e-03 6.090570e-04
35             4.295442e-01 2.030235e-01 4.551393e-03 4.089213e-01 1.992219e-01 4.066067e-03 2.062291e-02 3.801617e-03 4.853255e-04
36             4.121685e-01 2.241101e-01 2.435432e-02 3.896437e-01 2.198374e-01 2.387950e-02 2.252482e-02 4.272639e-03 4.748239e-04
37             3.973032e-01 2.296583e-01 6.555069e-02 3.726395e-01 2.251190e-01 6.478699e-02 2.466365e-02 4.539306e-03 7.637050e-04
38             3.862271e-01 2.238718e-01 1.099263e-01 3.595540e-01 2.190244e-01 1.091141e-01 2.667313e-02 4.847318e-03 8.121878e-04
39             3.830151e-01 2.146969e-01 1.479105e-01 3.541465e-01 2.096701e-01 1.468415e-01 2.886862e-02 5.026861e-03 1.069008e-03
40             3.881438e-01 2.062483e-01 1.732868e-01 3.574702e-01 2.011276e-01 1.720975e-01 3.067363e-02 5.120702e-03 1.189246e-03
41             3.986893e-01 1.964786e-01 1.834597e-01 3.659695e-01 1.914471e-01 1.821967e-01 3.271981e-02 5.031557e-03 1.263020e-03
42             4.094521e-01 1.852304e-01 1.839388e-01 3.753096e-01 1.804641e-01 1.826564e-01 3.414253e-02 4.766295e-03 1.282370e-03
43             4.215281e-01 1.714903e-01 1.803638e-01 3.860350e-01 1.671333e-01 1.791583e-01 3.549305e-02 4.356968e-03 1.205526e-03
44             4.377961e-01 1.539109e-01 1.791923e-01 4.010349e-01 1.501548e-01 1.782121e-01 3.676125e-02 3.756127e-03 9.802212e-04
45             4.561222e-01 1.330795e-01 1.816850e-01 4.182099e-01 1.299439e-01 1.809086e-01 3.791232e-02 3.135605e-03 7.763498e-04
46             4.738207e-01 1.090919e-01 1.864768e-01 4.347204e-01 1.066665e-01 1.859427e-01 3.910032e-02 2.425405e-03 5.340272e-04
47             4.863712e-01 8.216083e-02 1.898159e-01 4.461740e-01 8.042188e-02 1.894275e-01 4.019722e-02 1.738952e-03 3.883621e-04
48             4.911375e-01 5.430355e-02 1.911758e-01 4.499764e-01 5.327390e-02 1.908850e-01 4.116112e-02 1.029652e-03 2.908132e-04
49             4.944086e-01 2.836669e-02 1.935775e-01 4.524156e-01 2.797033e-02 1.932876e-01 4.199301e-02 3.963615e-04 2.898057e-04
50             4.907869e-01 5.899611e-03 1.921270e-01 4.481289e-01 6.027717e-03 1.917655e-01 4.265795e-02 -1.281056e-04 3.615825e-04
51             4.853135e-01 -1.255288e-02 1.882243e-01 4.421073e-01 -1.203560e-02 1.877441e-01 4.320626e-02 -5.172737e-04 4.802409e-04
52             4.790755e-01 -2.680939e-02 1.847042e-01 4.355331e-01 -2.599773e-02 1.841068e-01 4.354238e-02 -8.116597e-04 5.973598e-04
53             4.730142e-01 -3.670127e-02 1.838534e-01 4.291230e-01 -3.569611e-02 1.831493e-01 4.389116e-02 -1.005160e-03 7.041059e-04
54             4.656091e-01 -4.170826e-02 1.901525e-01 4.213774e-01 -4.053802e-02 1.892943e-01 4.423171e-02 -1.170244e-03 8.581622e-04
55             4.594610e-01 -4.091264e-02 2.007717e-01 4.148155e-01 -3.967384e-02 1.997495e-01 4.464550e-02 -1.238792e-03 1.022249e-03
56             4.544423e-01 -3.372151e-02 2.168363e-01 4.092467e-01 -3.242850e-02 2.155438e-01 4.519562e-02 -1.293005e-03 1.292482e-03
57             4.511967e-01 -2.056887e-02 2.361479e-01 4.054036e-01 -1.933105e-02 2.345131e-01 4.579306e-02 -1.237821e-03 1.634787e-03
58             4.503340e-01 -3.084564e-03 2.584852e-01 4.037538e-01 -1.961892e-03 2.564266e-01 4.658016e-02 -1.122672e-03 2.058620e-03
59             4.497582e-01 1.595286e-02 2.768661e-01 4.023667e-01 1.687614e-02 2.743371e-01 4.739151e-02 -9.232842e-04 2.528948e-03
60             4.494186e-01 3.378809e-02 2.895746e-01 4.010227e-01 3.449088e-02 2.865496e-01 4.839587e-02 -7.027845e-04 3.025004e-03
61             4.483016e-01 4.843563e-02 2.942583e-01 3.988509e-01 4.889264e-02 2.907509e-01 4.945078e-02 -4.570045e-04 3.507405e-03
62             4.459010e-01 5.915235e-02 2.895350e-01 3.952397e-01 5.938509e-02 2.855812e-01 5.066136e-02 -2.327389e-04 3.953744e-03
63             4.419147e-01 6.597850e-02 2.762615e-01 3.899887e-01 6.599335e-02 2.719272e-01 5.192600e-02 -1.484537e-05 4.334354e-03
64             4.368320e-01 6.935410e-02 2.568638e-01 3.835612e-01 6.919050e-02 2.522276e-01 5.327079e-02 1.635906e-04 4.636243e-03
65             4.304662e-01 7.010867e-02 2.336044e-01 3.758412e-01 6.978328e-02 2.287618e-01 5.462505e-02 3.253905e-04 4.842618e-03
66             4.215776e-01 6.960859e-02 2.063642e-01 3.655533e-01 6.915397e-02 2.013942e-01 5.602422e-02 4.546238e-04 4.969997e-03
67             4.128257e-01 6.717068e-02 1.836234e-01 3.554417e-01 6.660912e-02 1.785991e-01 5.738404e-02 5.615596e-04 5.024303e-03
68             4.046361e-01 6.303734e-02 1.664395e-01 3.458955e-01 6.240963e-02 1.613933e-01 5.874062e-02 6.277105e-04 5.046191e-03
69             3.972255e-01 5.721998e-02 1.561728e-01 3.371495e-01 5.655795e-02 1.511343e-01 6.007607e-02 6.620297e-04 5.038492e-03
70             3.912376e-01 4.993236e-02 1.538905e-01 3.298509e-01 4.928349e-02 1.488459e-01 6.138673e-02 6.488764e-04 5.044602e-03
71             3.866535e-01 4.165647e-02 1.593593e-01 3.239681e-01 4.104748e-02 1.542957e-01 6.268543e-02 6.089900e-04 5.063620e-03
72             3.835738e-01 3.305944e-02 1.713330e-01 3.196159e-01 3.252531e-02 1.662097e-01 6.395797e-02 5.341324e-04 5.123295e-03
73             3.814989e-01 2.478417e-02 1.876030e-01 3.162786e-01 2.432756e-02 1.824029e-01 6.522023e-02 4.566150e-04 5.200172e-03
74             3.801589e-01 1.726859e-02 2.058143e-01 3.137061e-01 1.690371e-02 2.005145e-01 6.645282e-02 3.648815e-04 5.299794e-03
75             3.790770e-01 1.079393e-02 2.234879e-01 3.114077e-01 1.050680e-02 2.180876e-01 6.766929e-02 2.871271e-04 5.400282e-03
76             3.776352e-01 5.481961e-03 2.381886e-01 3.087878e-01 5.272256e-03 2.326958e-01 6.884735e-02 2.097048e-04 5.492729e-03
77             3.763561e-01 1.382435e-03 2.489427e-01 3.063523e-01 1.229349e-03 2.433834e-01 7.000384e-02 1.530852e-04 5.559240e-03
78             3.753555e-01 -1.604730e-03 2.546563e-01 3.042325e-01 -1.709073e-03 2.490666e-01 7.112305e-02 1.043431e-04 5.589743e-03
79             3.738019e-01 -3.572556e-03 2.544885e-01 3.015897e-01 -3.648461e-03 2.489101e-01 7.221213e-02 7.590465e-05 5.578339e-03
80             3.719562e-01 -4.735814e-03 2.496474e-01 2.987058e-01 -4.790543e-03 2.441194e-01 7.325037e-02 5.472895e-05 5.528084e-03
81             3.699608e-01 -5.273788e-03 2.418879e-01 2.957209e-01 -5.320668e-03 2.364400e-01 7.423988e-02 4.687960e-05 5.447873e-03
82             3.679807e-01 -5.393720e-03 2.335029e-01 2.928164e-01 -5.435431e-03 2.281505e-01 7.516435e-02 4.171104e-05 5.352374e-03
83             3.662590e-01 -5.290629e-03 2.267117e-01 2.902338e-01 -5.333551e-03 2.214531e-01 7.602517e-02 4.292196e-05 5.258595e-03
84             3.650089e-01 -5.125198e-03 2.231670e-01 2.881922e-01 -5.167429e-03 2.179889e-01 7.681671e-02 4.223169e-05 5.178148e-03
85             3.644054e-01 -4.990587e-03 2.235872e-01 2.868601e-01 -5.034909e-03 2.184683e-01 7.754526e-02 4.432276e-05 5.118902e-03
86             3.645193e-01 -4.923700e-03 2.278146e-01 2.863022e-01 -4.969261e-03 2.227310e-01 7.821704e-02 4.556173e-05 5.083661e-03
87             3.652526e-01 -4.915226e-03 2.350518e-01 2.864136e-01 -4.964397e-03 2.299789e-01 7.883897e-02 4.917080e-05 5.072962e-03
88             3.663676e-01 -4.940301e-03 2.440786e-01 2.869518e-01 -4.993353e-03 2.389969e-01 7.941583e-02 5.305178e-05 5.081631e-03
89             3.676018e-01 -4.959234e-03 2.533867e-01 2.876521e-01 -5.016212e-03 2.482852e-01 7.994973e-02 5.697838e-05 5.101427e-03
90             3.687411e-01 -4.926762e-03 2.614020e-01 2.882956e-01 -4.986041e-03 2.562816e-01 8.044553e-02 5.927883e-05 5.120382e-03
91             3.696494e-01 -4.810837e-03 2.667372e-01 2.887448e-01 -4.871323e-03 2.616111e-01 8.090456e-02 6.048586e-05 5.126130e-03
92             3.703133e-01 -4.604703e-03 2.685762e-01 2.889830e-01 -4.665026e-03 2.634689e-01 8.133031e-02 6.032259e-05 5.107299e-03
93             3.702488e-01 -4.270882e-03 2.669668e-01 2.885401e-01 -4.329849e-03 2.619085e-01 8.170874e-02 5.896731e-05 5.058325e-03
94             3.702026e-01 -3.904105e-03 2.629380e-01 2.881447e-01 -3.961573e-03 2.579558e-01 8.205790e-02 5.746760e-05 4.982254e-03
95             3.700070e-01 -3.522771e-03 2.582025e-01 2.876315e-01 -3.578887e-03 2.533143e-01 8.237549e-02 5.611585e-05 4.888261e-03
96             3.698580e-01 -3.192884e-03 2.544142e-01 2.871963e-01 -3.247644e-03 2.496243e-01 8.266171e-02 5.476024e-05 4.789929e-03
97             3.697982e-01 -2.869604e-03 2.533847e-01 2.868817e-01 -2.923135e-03 2.486828e-01 8.291652e-02 5.353158e-05 4.701965e-03
98             3.700148e-01 -2.611147e-03 2.556009e-01 2.868741e-01 -2.663645e-03 2.509665e-01 8.314067e-02 5.249871e-05 4.634413e-03
99             3.705687e-01 -2.462377e-03 2.607601e-01 2.872332e-01 -2.514016e-03 2.561696e-01 8.333551e-02 5.163930e-05 4.590429e-03
100            3.714152e-01 -2.443733e-03 2.680137e-01 2.879136e-01 -2.494253e-03 2.634453e-01 8.350157e-02 5.051941e-05 4.568384e-03
101            3.724403e-01 -2.551929e-03 2.762290e-01 2.887998e-01 -2.601051e-03 2.716656e-01 8.364045e-02 4.912176e-05 4.563469e-03
102            3.734877e-01 -2.762249e-03 2.841577e-01 2.897342e-01 -2.809713e-03 2.795893e-01 8.375349e-02 4.746318e-05 4.568373e-03
103            3.744163e-01 -3.030916e-03 2.906150e-01 2.905738e-01 -3.076488e-03 2.860409e-01 8.384246e-02 4.557153e-05 4.574069e-03
104            3.751661e-01 -3.308984e-03 2.946742e-01 2.912565e-01 -3.352937e-03 2.901034e-01 8.390951e-02 4.395303e-05 4.570782e-03
105            3.757025e-01 -3.550457e-03 2.959397e-01 2.917462e-01 -3.593531e-03 2.913887e-01 8.395634e-02 4.307422e-05 4.551031e-03
106            3.759811e-01 -3.713239e-03 2.946349e-01 2.919963e-01 -3.756723e-03 2.901233e-01 8.398477e-02 4.348420e-05 4.511584e-03
107            3.759703e-01 -3.771706e-03 2.916738e-01 2.919765e-01 -3.816901e-03 2.872180e-01 8.399379e-02 4.519432e-05 4.455771e-03
108            3.757281e-01 -3.719831e-03 2.883979e-01 2.917457e-01 -3.768056e-03 2.840060e-01 8.398238e-02 4.822525e-05 4.391871e-03
109            3.753965e-01 -3.559891e-03 2.861742e-01 2.914463e-01 -3.612568e-03 2.818439e-01 8.395014e-02 5.267745e-05 4.330334e-03
110            3.749894e-01 -3.294256e-03 2.859422e-01 2.910926e-01 -3.352288e-03 2.816615e-01 8.389682e-02 5.803161e-05 4.280676e-03
111            3.749579e-01 -3.008009e-03 2.879862e-01 2.911316e-01 -3.071638e-03 2.837376e-01 8.382632e-02 6.362935e-05 4.248611e-03
112            3.752625e-01 -2.732743e-03 2.919585e-01 2.915240e-01 -2.802102e-03 2.877239e-01 8.373854e-02 6.935903e-05 4.234607e-03
113            3.758162e-01 -2.495506e-03 2.971428e-01 2.921834e-01 -2.570159e-03 2.929056e-01 8.363275e-02 7.465286e-05 4.237169e-03
114            3.765037e-01 -2.314132e-03 3.026238e-01 2.929925e-01 -2.393156e-03 2.983727e-01 8.351121e-02 7.902399e-05 4.251122e-03
115            3.773493e-01 -2.196790e-03 3.077587e-01 2.939772e-01 -2.279179e-03 3.034877e-01 8.337210e-02 8.238881e-05 4.271046e-03
116            3.779320e-01 -2.135943e-03 3.112568e-01 2.947127e-01 -2.220186e-03 3.069679e-01 8.321937e-02 8.424272e-05 4.288870e-03
117            3.783028e-01 -2.128309e-03 3.126407e-01 2.952478e-01 -2.212899e-03 3.083423e-01 8.305493e-02 8.459062e-05 4.298394e-03
118            3.784533e-01 -2.171004e-03 3.117366e-01 2.955714e-01 -2.255019e-03 3.074416e-01 8.288189e-02 8.401497e-05 4.295083e-03
119            3.784209e-01 -2.255398e-03 3.090375e-01 2.957196e-01 -2.337888e-03 3.047592e-01 8.270138e-02 8.249036e-05 4.278267e-03
120            3.781986e-01 -2.370294e-03 3.053585e-01 2.956831e-01 -2.450954e-03 3.011079e-01 8.251550e-02 8.066008e-05 4.250568e-03
121            3.778412e-01 -2.503900e-03 3.017885e-01 2.955171e-01 -2.582512e-03 2.975696e-01 8.232416e-02 7.861168e-05 4.218891e-03
122            3.774607e-01 -2.642781e-03 2.993549e-01 2.953323e-01 -2.719177e-03 2.951642e-01 8.212844e-02 7.639648e-05 4.190636e-03
123            3.771957e-01 -2.774371e-03 2.987160e-01 2.952665e-01 -2.848567e-03 2.945427e-01 8.192924e-02 7.419641e-05 4.173332e-03
124            3.771590e-01 -2.884740e-03 3.000004e-01 2.954311e-01 -2.956936e-03 2.958306e-01 8.172797e-02 7.219672e-05 4.169805e-03
125            3.773747e-01 -2.966116e-03 3.028620e-01 2.958501e-01 -3.036770e-03 2.986808e-01 8.152456e-02 7.065413e-05 4.181163e-03
126            3.777923e-01 -3.019727e-03 3.066109e-01 2.964706e-01 -3.089302e-03 3.024069e-01 8.132166e-02 6.957490e-05 4.203997e-03
127            3.783033e-01 -3.049517e-03 3.104272e-01 2.971835e-01 -3.118488e-03 3.061925e-01 8.111980e-02 6.897057e-05 4.234682e-03
128            3.788873e-01 -3.058205e-03 3.136591e-01 2.979724e-01 -3.126803e-03 3.093925e-01 8.091491e-02 6.859867e-05 4.266628e-03
129            3.792978e-01 -3.065589e-03 3.153942e-01 2.985839e-01 -3.134031e-03 3.110994e-01 8.071382e-02 6.844217e-05 4.294771e-03
130            3.795476e-01 -3.075185e-03 3.153134e-01 2.990290e-01 -3.143351e-03 3.110007e-01 8.051860e-02 6.816646e-05 4.312737e-03
131            3.796276e-01 -3.089449e-03 3.134654e-01 2.992983e-01 -3.157178e-03 3.091465e-01 8.032936e-02 6.772927e-05 4.318824e-03
132            3.795525e-01 -3.110456e-03 3.102806e-01 2.994046e-01 -3.177246e-03 3.059686e-01 8.014784e-02 6.678973e-05 4.311996e-03
133            3.793419e-01 -3.135776e-03 3.065340e-01 2.993692e-01 -3.201182e-03 3.022373e-01 7.997273e-02 6.540593e-05 4.296658e-03
134            3.790650e-01 -3.161635e-03 3.031205e-01 2.992605e-01 -3.224970e-03 2.988432e-01 7.980447e-02 6.333444e-05 4.277330e-03
135            3.788100e-01 -3.178890e-03 3.008280e-01 2.991686e-01 -3.239594e-03 2.965666e-01 7.964138e-02 6.070410e-05 4.261351e-03
136            3.786820e-01 -3.179509e-03 3.000985e-01 2.991981e-01 -3.237111e-03 2.958458e-01 7.948392e-02 5.760202e-05 4.252693e-03
137            3.787422e-01 -3.154883e-03 3.009742e-01 2.994115e-01 -3.209220e-03 2.967192e-01 7.933075e-02 5.433697e-05 4.255034e-03
138            3.789972e-01 -3.103520e-03 3.031086e-01 2.998144e-01 -3.154666e-03 2.988413e-01 7.918277e-02 5.114564e-05 4.267325e-03
139            3.793865e-01 -3.027923e-03 3.059198e-01 3.003477e-01 -3.076034e-03 3.016314e-01 7.903882e-02 4.811086e-05 4.288316e-03
140            3.798264e-01 -2.933489e-03 3.087156e-01 3.009262e-01 -2.979026e-03 3.044022e-01 7.890014e-02 4.553635e-05 4.313331e-03
141            3.802264e-01 -2.829888e-03 3.108331e-01 3.014603e-01 -2.873193e-03 3.064946e-01 7.876611e-02 4.330568e-05 4.338516e-03
142            3.805315e-01 -2.725106e-03 3.117539e-01 3.018930e-01 -2.766745e-03 3.073956e-01 7.863851e-02 4.163881e-05 4.358220e-03
143            3.806994e-01 -2.627988e-03 3.112346e-01 3.021827e-01 -2.668103e-03 3.068650e-01 7.851670e-02 4.011442e-05 4.369554e-03
144            3.807270e-01 -2.541227e-03 3.093374e-01 3.023249e-01 -2.580219e-03 3.049677e-01 7.840215e-02 3.899196e-05 4.369797e-03
145            3.806125e-01 -2.470700e-03 3.064624e-01 3.023189e-01 -2.508448e-03 3.021020e-01 7.829360e-02 3.774735e-05 4.360418e-03
146            3.803909e-01 -2.415275e-03 3.032465e-01 3.021992e-01 -2.452090e-03 2.989030e-01 7.819169e-02 3.681545e-05 4.343481e-03
147            3.801157e-01 -2.378096e-03 3.004099e-01 3.020214e-01 -2.413739e-03 2.960853e-01 7.809432e-02 3.564270e-05 4.324521e-03
148            3.798721e-01 -2.354929e-03 2.985554e-01 3.018703e-01 -2.389689e-03 2.942477e-01 7.800182e-02 3.476030e-05 4.307763e-03
149            3.797300e-01 -2.345926e-03 2.980303e-01 3.018176e-01 -2.379443e-03 2.937322e-01 7.791237e-02 3.351737e-05 4.298103e-03
150            3.797416e-01 -2.342991e-03 2.988497e-01 3.019151e-01 -2.375482e-03 2.945527e-01 7.782643e-02 3.249105e-05 4.297027e-03
151            3.799011e-01 -2.344516e-03 3.007354e-01 3.021586e-01 -2.375538e-03 2.964300e-01 7.774249e-02 3.102285e-05 4.305448e-03
152            3.801715e-01 -2.343912e-03 3.031899e-01 3.025100e-01 -2.373676e-03 2.988692e-01 7.766157e-02 2.976428e-05 4.320774e-03
153            3.804776e-01 -2.341613e-03 3.056356e-01 3.028948e-01 -2.369729e-03 3.012949e-01 7.758276e-02 2.811618e-05 4.340644e-03
154            3.807584e-01 -2.333762e-03 3.075042e-01 3.032507e-01 -2.360496e-03 3.031440e-01 7.750775e-02 2.673351e-05 4.360199e-03
155            3.809557e-01 -2.324473e-03 3.083652e-01 3.035197e-01 -2.349427e-03 3.039891e-01 7.743597e-02 2.495358e-05 4.376158e-03
156            3.810420e-01 -2.311852e-03 3.079954e-01 3.036729e-01 -2.335245e-03 3.036110e-01 7.736908e-02 2.339276e-05 4.384479e-03
157            3.810022e-01 -2.300789e-03 3.064524e-01 3.036959e-01 -2.322165e-03 3.020682e-01 7.730628e-02 2.137556e-05 4.384222e-03
158            3.808474e-01 -2.289712e-03 3.040632e-01 3.035987e-01 -2.309307e-03 2.996881e-01 7.724872e-02 1.959499e-05 4.375128e-03
159            3.805967e-01 -2.284092e-03 3.013615e-01 3.034020e-01 -2.301405e-03 2.970014e-01 7.719470e-02 1.731235e-05 4.360143e-03
160            3.803087e-01 -2.282145e-03 2.989489e-01 3.031641e-01 -2.297361e-03 2.946061e-01 7.714458e-02 1.521526e-05 4.342787e-03
161            3.800418e-01 -2.288934e-03 2.973513e-01 3.029456e-01 -2.301469e-03 2.930237e-01 7.709629e-02 1.253457e-05 4.327652e-03
162            3.798625e-01 -2.300861e-03 2.968880e-01 3.028123e-01 -2.310869e-03 2.925699e-01 7.705024e-02 1.000777e-05 4.318182e-03
163            3.798041e-01 -2.319951e-03 2.976064e-01 3.027994e-01 -2.326838e-03 2.932897e-01 7.700470e-02 6.887073e-06 4.316639e-03
164            3.798747e-01 -2.338321e-03 2.992916e-01 3.029142e-01 -2.342301e-03 2.949683e-01 7.696053e-02 3.979919e-06 4.323243e-03
165            3.800388e-01 -2.355035e-03 3.015335e-01 3.031221e-01 -2.355623e-03 2.971968e-01 7.691667e-02 5.881849e-07 4.336690e-03
166            3.802437e-01 -2.360667e-03 3.038200e-01 3.033691e-01 -2.358189e-03 2.994657e-01 7.687453e-02 -2.478192e-06 4.354225e-03
167            3.804264e-01 -2.355056e-03 3.056430e-01 3.035929e-01 -2.349219e-03 3.012707e-01 7.683355e-02 -5.836920e-06 4.372306e-03
168            3.805436e-01 -2.331851e-03 3.065985e-01 3.037482e-01 -2.323197e-03 3.022113e-01 7.679542e-02 -8.654406e-06 4.387166e-03
169            3.805582e-01 -2.293805e-03 3.064636e-01 3.037985e-01 -2.282223e-03 3.020678e-01 7.675972e-02 -1.158267e-05 4.395774e-03
170            3.804656e-01 -2.237667e-03 3.052585e-01 3.037377e-01 -2.223784e-03 3.008621e-01 7.672790e-02 -1.388218e-05 4.396408e-03
171            3.802690e-01 -2.168290e-03 3.032497e-01 3.035700e-01 -2.152051e-03 2.988606e-01 7.669902e-02 -1.623943e-05 4.389188e-03
172            3.799954e-01 -2.084265e-03 3.008963e-01 3.033217e-01 -2.066355e-03 2.965203e-01 7.667365e-02 -1.791070e-05 4.376071e-03
173            3.796850e-01 -1.991658e-03 2.987357e-01 3.030347e-01 -1.972080e-03 2.943752e-01 7.665023e-02 -1.957853e-05 4.360445e-03
174            3.793983e-01 -1.890995e-03 2.972573e-01 3.027694e-01 -1.870392e-03 2.929110e-01 7.662884e-02 -2.060341e-05 4.346253e-03
175            3.791838e-01 -1.789541e-03 2.967803e-01 3.025759e-01 -1.767904e-03 2.924433e-01 7.660794e-02 -2.163640e-05 4.336958e-03
176            3.790782e-01 -1.687917e-03 2.973783e-01 3.024905e-01 -1.665829e-03 2.930436e-01 7.658772e-02 -2.208772e-05 4.334750e-03
177            3.790843e-01 -1.591049e-03 2.988862e-01 3.025171e-01 -1.568459e-03 2.945460e-01 7.656716e-02 -2.259022e-05 4.340184e-03
178            3.791801e-01 -1.497192e-03 3.009459e-01 3.026332e-01 -1.474600e-03 2.965937e-01 7.654693e-02 -2.259176e-05 4.352206e-03
179            3.793138e-01 -1.408424e-03 3.030889e-01 3.027871e-01 -1.385808e-03 2.987205e-01 7.652665e-02 -2.261641e-05 4.368395e-03
180            3.794354e-01 -1.321008e-03 3.048378e-01 3.029279e-01 -1.298849e-03 3.004523e-01 7.650749e-02 -2.215934e-05 4.385451e-03
181            3.794954e-01 -1.235720e-03 3.058151e-01 3.030060e-01 -1.214052e-03 3.014150e-01 7.648943e-02 -2.166856e-05 4.400178e-03
182            3.794671e-01 -1.149371e-03 3.057529e-01 3.029935e-01 -1.128641e-03 3.013438e-01 7.647365e-02 -2.073031e-05 4.409166e-03
183            3.793388e-01 -1.062554e-03 3.046536e-01 3.028787e-01 -1.042840e-03 3.002431e-01 7.646010e-02 -1.971367e-05 4.410506e-03
184            3.791227e-01 -9.723572e-04 3.027637e-01 3.026733e-01 -9.540967e-04 2.983596e-01 7.644941e-02 -1.826051e-05 4.404117e-03
185            3.788418e-01 -8.806870e-04 3.005236e-01 3.024010e-01 -8.639822e-04 2.961319e-01 7.644080e-02 -1.670474e-05 4.391764e-03
186            3.785404e-01 -7.858210e-04 2.984574e-01 3.021062e-01 -7.711547e-04 2.940807e-01 7.643415e-02 -1.466635e-05 4.376669e-03
187            3.782697e-01 -6.912296e-04 2.970462e-01 3.018414e-01 -6.787320e-04 2.926835e-01 7.642824e-02 -1.249766e-05 4.362770e-03
188            3.780792e-01 -5.973860e-04 2.966054e-01 3.016563e-01 -5.875188e-04 2.922520e-01 7.642286e-02 -9.867195e-06 4.353428e-03
189            3.779952e-01 -5.095819e-04 2.972067e-01 3.015782e-01 -5.024392e-04 2.928557e-01 7.641697e-02 -7.142658e-06 4.350937e-03
190            3.780234e-01 -4.291152e-04 2.986849e-01 3.016126e-01 -4.250614e-04 2.943291e-01 7.641078e-02 -4.053808e-06 4.355791e-03
191            3.781356e-01 -3.609193e-04 3.006830e-01 3.017317e-01 -3.599159e-04 2.963160e-01 7.640383e-02 -1.003389e-06 4.367004e-03
192            3.782856e-01 -3.044313e-04 3.027344e-01 3.018888e-01 -3.067424e-04 2.983524e-01 7.639689e-02 2.311086e-06 4.382040e-03
193            3.784195e-01 -2.622257e-04 3.043693e-01 3.020295e-01 -2.676540e-04 2.999717e-01 7.639000e-02 5.428298e-06 4.397670e-03
194            3.784999e-01 -2.310454e-04 3.051953e-01 3.021156e-01 -2.397274e-04 3.007850e-01 7.638427e-02 8.681983e-06 4.410270e-03
195            3.784852e-01 -2.125721e-04 3.050571e-01 3.021055e-01 -2.241857e-04 3.006400e-01 7.637968e-02 1.161362e-05 4.417126e-03
196            3.783817e-01 -2.016784e-04 3.039357e-01 3.020044e-01 -2.162853e-04 2.995193e-01 7.637727e-02 1.460690e-05 4.416424e-03
197            3.781966e-01 -1.992481e-04 3.020931e-01 3.018201e-01 -2.165184e-04 2.976847e-01 7.637645e-02 1.727031e-05 4.408390e-03
198            3.779591e-01 -2.007661e-04 2.999616e-01 3.015815e-01 -2.207818e-04 2.955669e-01 7.637755e-02 2.001566e-05 4.394737e-03
199            3.777069e-01 -2.065228e-04 2.980442e-01 3.013277e-01 -2.289775e-04 2.936653e-01 7.637926e-02 2.245469e-05 4.378891e-03
200            3.774893e-01 -2.129589e-04 2.967997e-01 3.011078e-01 -2.380052e-04 2.924353e-01 7.638155e-02 2.504629e-05 4.364378e-03
201            3.773536e-01 -2.221210e-04 2.964894e-01 3.009706e-01 -2.494572e-04 2.921348e-01 7.638308e-02 2.733624e-05 4.354619e-03
202            3.773314e-01 -2.314309e-04 2.971524e-01 3.009473e-01 -2.611432e-04 2.928011e-01 7.638414e-02 2.971226e-05 4.351252e-03
203            3.774089e-01 -2.455246e-04 2.986373e-01 3.010252e-01 -2.772121e-04 2.942823e-01 7.638371e-02 3.168749e-05 4.355044e-03
204            3.775653e-01 -2.635648e-04 3.005804e-01 3.011826e-01 -2.972475e-04 2.962158e-01 7.638269e-02 3.368267e-05 4.364539e-03
205            3.777488e-01 -2.898374e-04 3.025307e-01 3.013684e-01 -3.250352e-04 2.981531e-01 7.638045e-02 3.519775e-05 4.377556e-03
206            3.779180e-01 -3.234581e-04 3.040301e-01 3.015397e-01 -3.602133e-04 2.996395e-01 7.637828e-02 3.675519e-05 4.390564e-03
207            3.780210e-01 -3.664840e-04 3.047587e-01 3.016453e-01 -4.042742e-04 3.003581e-01 7.637572e-02 3.779019e-05 4.400638e-03
208            3.780385e-01 -4.163627e-04 3.045407e-01 3.016642e-01 -4.551585e-04 3.001359e-01 7.637425e-02 3.879584e-05 4.404835e-03
209            3.779579e-01 -4.739921e-04 3.034344e-01 3.015845e-01 -5.131820e-04 2.990323e-01 7.637335e-02 3.918992e-05 4.402158e-03
210            3.778030e-01 -5.362855e-04 3.016790e-01 3.014290e-01 -5.758552e-04 2.972865e-01 7.637403e-02 3.956974e-05 4.392561e-03
211            3.775952e-01 -6.039608e-04 2.997054e-01 3.012201e-01 -6.433795e-04 2.953270e-01 7.637500e-02 3.941869e-05 4.378404e-03
212            3.773758e-01 -6.733442e-04 2.979978e-01 3.009991e-01 -7.126693e-04 2.936352e-01 7.637670e-02 3.932507e-05 4.362573e-03
213            3.771929e-01 -7.434504e-04 2.969524e-01 3.008154e-01 -7.821506e-04 2.926034e-01 7.637754e-02 3.870020e-05 4.348966e-03
214            3.770937e-01 -8.081873e-04 2.967938e-01 3.007157e-01 -8.463021e-04 2.924537e-01 7.637799e-02 3.811474e-05 4.340106e-03
215            3.770862e-01 -8.698831e-04 2.975660e-01 3.007096e-01 -9.069984e-04 2.932278e-01 7.637664e-02 3.711524e-05 4.338172e-03
216            3.771739e-01 -9.243846e-04 2.990657e-01 3.007995e-01 -9.606548e-04 2.947227e-01 7.637440e-02 3.627017e-05 4.342988e-03
217            3.773233e-01 -9.753695e-04 3.009401e-01 3.009528e-01 -1.010414e-03 2.965864e-01 7.637047e-02 3.504469e-05 4.353640e-03
218            3.774924e-01 -1.020810e-03 3.027561e-01 3.011261e-01 -1.054832e-03 2.983889e-01 7.636623e-02 3.402180e-05 4.367247e-03
219            3.776307e-01 -1.065021e-03 3.041042e-01 3.012695e-01 -1.097629e-03 2.997231e-01 7.636125e-02 3.260786e-05 4.381094e-03
220            3.777049e-01 -1.105903e-03 3.046783e-01 3.013478e-01 -1.137261e-03 3.002866e-01 7.635715e-02 3.135849e-05 4.391728e-03
221            3.776899e-01 -1.147342e-03 3.043469e-01 3.013363e-01 -1.177056e-03 2.999498e-01 7.635356e-02 2.971312e-05 4.397117e-03
222            3.775885e-01 -1.186668e-03 3.031856e-01 3.012367e-01 -1.214924e-03 2.987897e-01 7.635183e-02 2.825665e-05 4.395876e-03
223            3.774122e-01 -1.226888e-03 3.014721e-01 3.010611e-01 -1.253349e-03 2.970833e-01 7.635111e-02 2.646066e-05 4.388862e-03
224            3.771995e-01 -1.263904e-03 2.996450e-01 3.008475e-01 -1.288795e-03 2.952670e-01 7.635203e-02 2.489073e-05 4.377956e-03
225            3.769798e-01 -1.300689e-03 2.981122e-01 3.006266e-01 -1.323688e-03 2.937455e-01 7.635324e-02 2.299870e-05 4.366647e-03
226            3.768033e-01 -1.332194e-03 2.972212e-01 3.004483e-01 -1.353522e-03 2.928635e-01 7.635500e-02 2.132841e-05 4.357632e-03
227            3.767052e-01 -1.359881e-03 2.971697e-01 3.003492e-01 -1.379280e-03 2.928163e-01 7.635598e-02 1.939871e-05 4.353406e-03
228            3.766958e-01 -1.377959e-03 2.979369e-01 3.003393e-01 -1.395729e-03 2.935812e-01 7.635643e-02 1.777026e-05 4.355659e-03
229            3.767761e-01 -1.389022e-03 2.993363e-01 3.004206e-01 -1.404917e-03 2.949721e-01 7.635547e-02 1.589552e-05 4.364196e-03
230            3.769170e-01 -1.389241e-03 3.010305e-01 3.005631e-01 -1.403656e-03 2.966531e-01 7.635388e-02 1.441492e-05 4.377389e-03
231            3.770737e-01 -1.381364e-03 3.026314e-01 3.007226e-01 -1.394095e-03 2.982383e-01 7.635108e-02 1.273023e-05 4.393106e-03
232            3.772079e-01 -1.363152e-03 3.037755e-01 3.008600e-01 -1.374496e-03 2.993671e-01 7.634794e-02 1.134372e-05 4.408480e-03
233            3.772834e-01 -1.338574e-03 3.042041e-01 3.009390e-01 -1.348226e-03 2.997830e-01 7.634438e-02 9.651671e-06 4.421123e-03
234            3.772856e-01 -1.306229e-03 3.038128e-01 3.009440e-01 -1.314458e-03 2.993847e-01 7.634168e-02 8.229076e-06 4.428156e-03
235            3.772102e-01 -1.270046e-03 3.026912e-01 3.008711e-01 -1.276608e-03 2.982625e-01 7.633912e-02 6.562022e-06 4.428677e-03
236            3.770773e-01 -1.228242e-03 3.010990e-01 3.007390e-01 -1.233389e-03 2.966755e-01 7.633823e-02 5.147560e-06 4.423433e-03
237            3.769100e-01 -1.184285e-03 2.994075e-01 3.005722e-01 -1.187664e-03 2.949929e-01 7.633781e-02 3.378374e-06 4.414563e-03
238            3.767485e-01 -1.135999e-03 2.980095e-01 3.004105e-01 -1.137751e-03 2.936045e-01 7.633805e-02 1.751988e-06 4.404926e-03
239            3.766284e-01 -1.086530e-03 2.972220e-01 3.002909e-01 -1.086341e-03 2.928247e-01 7.633746e-02 -1.889703e-07 4.397296e-03
240            3.765830e-01 -1.032478e-03 2.972080e-01 3.002466e-01 -1.030699e-03 2.928142e-01 7.633647e-02 -1.779030e-06 4.393804e-03
241            3.766247e-01 -9.757494e-04 2.979475e-01 3.002905e-01 -9.721666e-04 2.935519e-01 7.633415e-02 -3.582761e-06 4.395552e-03
242            3.767495e-01 -9.123034e-04 2.992516e-01 3.004182e-01 -9.073455e-04 2.948494e-01 7.633123e-02 -4.957940e-06 4.402152e-03
243            3.769276e-01 -8.445073e-04 3.008114e-01 3.006004e-01 -8.379973e-04 2.963991e-01 7.632726e-02 -6.510021e-06 4.412372e-03
244            3.771257e-01 -7.685982e-04 3.022690e-01 3.008022e-01 -7.609303e-04 2.978452e-01 7.632353e-02 -7.667872e-06 4.423859e-03
245            3.773022e-01 -6.885341e-04 3.032949e-01 3.009825e-01 -6.793533e-04 2.988610e-01 7.631972e-02 -9.180806e-06 4.433910e-03
246            3.774313e-01 -6.018162e-04 3.036599e-01 3.011139e-01 -5.914818e-04 2.992198e-01 7.631735e-02 -1.033437e-05 4.440090e-03
247            3.774954e-01 -5.132561e-04 3.032838e-01 3.011789e-01 -5.014213e-04 2.988432e-01 7.631641e-02 -1.183477e-05 4.440532e-03
248            3.774989e-01 -4.211920e-04 3.022616e-01 3.011804e-01 -4.081783e-04 2.978268e-01 7.631845e-02 -1.301370e-05 4.434767e-03
249            3.774556e-01 -3.301998e-04 3.008421e-01 3.011325e-01 -3.157869e-04 2.964189e-01 7.632314e-02 -1.441294e-05 4.423226e-03
250            3.773943e-01 -2.379068e-04 2.993714e-01 3.010627e-01 -2.226771e-04 2.949634e-01 7.633163e-02 -1.522971e-05 4.408000e-03
251            3.773477e-01 -1.491641e-04 2.982042e-01 3.010043e-01 -1.330498e-04 2.938124e-01 7.634337e-02 -1.611429e-05 4.391749e-03
252            3.773532e-01 -6.246270e-05 2.976185e-01 3.009948e-01 -4.587594e-05 2.932412e-01 7.635841e-02 -1.658676e-05 4.377296e-03
253            3.774317e-01 1.771059e-05 2.977452e-01 3.010566e-01 3.517959e-05 2.933785e-01 7.637504e-02 -1.746900e-05 4.366724e-03
254            3.775957e-01 9.358309e-05 2.985541e-01 3.012030e-01 1.116614e-04 2.941928e-01 7.639269e-02 -1.807832e-05 4.361253e-03
255            3.778351e-01 1.610172e-04 2.998609e-01 3.014251e-01 1.800081e-04 2.955003e-01 7.640997e-02 -1.899083e-05 4.360666e-03
256            3.781230e-01 2.233139e-04 3.013807e-01 3.016961e-01 2.427247e-04 2.970169e-01 7.642688e-02 -1.941083e-05 4.363842e-03
257            3.784201e-01 2.766154e-04 3.027864e-01 3.019773e-01 2.966510e-04 2.984176e-01 7.644281e-02 -2.003558e-05 4.368849e-03
258            3.786907e-01 3.235708e-04 3.037819e-01 3.022323e-01 3.438846e-04 2.994087e-01 7.645840e-02 -2.031381e-05 4.373167e-03
259            3.789036e-01 3.613517e-04 3.041651e-01 3.024304e-01 3.821096e-04 2.997908e-01 7.647316e-02 -2.075788e-05 4.374380e-03
260            3.790456e-01 3.930373e-04 3.038763e-01 3.025583e-01 4.138304e-04 2.995053e-01 7.648726e-02 -2.079315e-05 4.370994e-03
261            3.791164e-01 4.164585e-04 3.030122e-01 3.026161e-01 4.374277e-04 2.986498e-01 7.650027e-02 -2.096913e-05 4.362359e-03
262            3.791309e-01 4.342054e-04 3.018071e-01 3.026186e-01 4.549530e-04 2.974577e-01 7.651226e-02 -2.074756e-05 4.349344e-03
263            3.791123e-01 4.447692e-04 3.005720e-01 3.025892e-01 4.654734e-04 2.962381e-01 7.652307e-02 -2.070427e-05 4.333872e-03
264            3.790930e-01 4.498565e-04 2.996224e-01 3.025605e-01 4.703210e-04 2.953039e-01 7.653253e-02 -2.046445e-05 4.318538e-03
265            3.791032e-01 4.481628e-04 2.991971e-01 3.025631e-01 4.685777e-04 2.948914e-01 7.654012e-02 -2.041490e-05 4.305653e-03
266            3.791643e-01 4.398572e-04 2.994051e-01 3.026189e-01 4.601020e-04 2.951081e-01 7.654538e-02 -2.024484e-05 4.297001e-03
267            3.792817e-01 4.244795e-04 3.002035e-01 3.027336e-01 4.445749e-04 2.959102e-01 7.654807e-02 -2.009541e-05 4.293338e-03
268            3.794461e-01 4.034794e-04 3.014163e-01 3.028980e-01 4.233447e-04 2.971216e-01 7.654807e-02 -1.986527e-05 4.294745e-03
269            3.796337e-01 3.778158e-04 3.027793e-01 3.030883e-01 3.975583e-04 2.984793e-01 7.654543e-02 -1.974247e-05 4.300026e-03
270            3.798129e-01 3.493139e-04 3.039976e-01 3.032726e-01 3.689295e-04 2.996902e-01 7.654033e-02 -1.961561e-05 4.307334e-03
271            3.799545e-01 3.190768e-04 3.048076e-01 3.034211e-01 3.386197e-04 3.004933e-01 7.653346e-02 -1.954286e-05 4.314319e-03
272            3.800324e-01 2.884679e-04 3.050342e-01 3.035070e-01 3.078539e-04 3.007149e-01 7.652541e-02 -1.938602e-05 4.319287e-03
273            3.800343e-01 2.587927e-04 3.046295e-01 3.035171e-01 2.780242e-04 3.003089e-01 7.651717e-02 -1.923147e-05 4.320599e-03
274            3.799620e-01 2.298420e-04 3.036930e-01 3.034527e-01 2.489441e-04 2.993749e-01 7.650933e-02 -1.910214e-05 4.318127e-03
275            3.798303e-01 2.014990e-04 3.024414e-01 3.033283e-01 2.205239e-04 2.981291e-01 7.650201e-02 -1.902493e-05 4.312314e-03
276            3.796630e-01 1.735357e-04 3.011608e-01 3.031682e-01 1.924168e-04 2.968557e-01 7.649476e-02 -1.888112e-05 4.305149e-03
277            3.794920e-01 1.460241e-04 3.001350e-01 3.030042e-01 1.646429e-04 2.958371e-01 7.648788e-02 -1.861879e-05 4.297917e-03
278            3.793441e-01 1.185651e-04 2.995835e-01 3.028627e-01 1.370079e-04 2.952903e-01 7.648143e-02 -1.844287e-05 4.293177e-03
279            3.792385e-01 9.090745e-05 2.996021e-01 3.027630e-01 1.092825e-04 2.953102e-01 7.647545e-02 -1.837506e-05 4.291921e-03
280            3.791820e-01 6.238153e-05 3.001538e-01 3.027121e-01 8.075794e-05 2.958586e-01 7.646987e-02 -1.837642e-05 4.295127e-03
281            3.791675e-01 3.286788e-05 3.010778e-01 3.027023e-01 5.123353e-05 2.967756e-01 7.646519e-02 -1.836565e-05 4.302212e-03
282            3.791750e-01 3.083782e-06 3.021350e-01 3.027134e-01 2.136773e-05 2.978228e-01 7.646166e-02 -1.828395e-05 4.312223e-03
283            3.791799e-01 -2.657442e-05 3.030592e-01 3.027197e-01 -8.642649e-06 2.987359e-01 7.646021e-02 -1.793178e-05 4.323343e-03
284            3.791569e-01 -5.628936e-05 3.036151e-01 3.026961e-01 -3.891179e-05 2.992813e-01 7.646086e-02 -1.737757e-05 4.333809e-03
285            3.790880e-01 -8.663959e-05 3.036476e-01 3.026243e-01 -7.010037e-05 2.993059e-01 7.646377e-02 -1.653921e-05 4.341738e-03
286            3.789651e-01 -1.174295e-04 3.031202e-01 3.024966e-01 -1.019952e-04 2.987741e-01 7.646858e-02 -1.543430e-05 4.346058e-03
287            3.787927e-01 -1.485713e-04 3.021237e-01 3.023176e-01 -1.345813e-04 2.977773e-01 7.647501e-02 -1.399002e-05 4.346379e-03
288            3.785853e-01 -1.798033e-04 3.008603e-01 3.021030e-01 -1.675906e-04 2.965168e-01 7.648224e-02 -1.221270e-05 4.343589e-03
289            3.783669e-01 -2.105189e-04 2.995922e-01 3.018774e-01 -2.004196e-04 2.952531e-01 7.648951e-02 -1.009924e-05 4.339098e-03
290            3.781656e-01 -2.397570e-04 2.985816e-01 3.016698e-01 -2.321639e-04 2.942468e-01 7.649583e-02 -7.593097e-06 4.334799e-03
291            3.780071e-01 -2.668257e-04 2.980275e-01 3.015067e-01 -2.619558e-04 2.936949e-01 7.650036e-02 -4.869818e-06 4.332608e-03
292            3.779063e-01 -2.912079e-04 2.980200e-01 3.014040e-01 -2.891490e-04 2.936858e-01 7.650235e-02 -2.058945e-06 4.334153e-03
293            3.778709e-01 -3.124241e-04 2.985264e-01 3.013696e-01 -3.131861e-04 2.941862e-01 7.650126e-02 7.619932e-07 4.340162e-03
294            3.778905e-01 -3.305597e-04 2.994016e-01 3.013936e-01 -3.342382e-04 2.950520e-01 7.649694e-02 3.678556e-06 4.349629e-03
295            3.779402e-01 -3.466143e-04 3.004229e-01 3.014511e-01 -3.533605e-04 2.960621e-01 7.648904e-02 6.746207e-06 4.360803e-03
296            3.779935e-01 -3.621906e-04 3.013465e-01 3.015152e-01 -3.719245e-04 2.969733e-01 7.647838e-02 9.733928e-06 4.373250e-03
297            3.780238e-01 -3.790667e-04 3.019490e-01 3.015586e-01 -3.915199e-04 2.975638e-01 7.646516e-02 1.245328e-05 4.385266e-03
298            3.780130e-01 -3.959485e-04 3.020863e-01 3.015624e-01 -4.113030e-04 2.976912e-01 7.645062e-02 1.535451e-05 4.395054e-03
299            3.779515e-01 -4.140853e-04 3.017247e-01 3.015162e-01 -4.324040e-04 2.973232e-01 7.643531e-02 1.831873e-05 4.401453e-03
300            3.778403e-01 -4.332219e-04 3.009461e-01 3.014201e-01 -4.544628e-04 2.965418e-01 7.642020e-02 2.124091e-05 4.404244e-03
301            3.776938e-01 -4.542293e-04 2.999331e-01 3.012883e-01 -4.781979e-04 2.955292e-01 7.640558e-02 2.396862e-05 4.403908e-03
302            3.775303e-01 -4.752058e-04 2.989256e-01 3.011391e-01 -5.020516e-04 2.945245e-01 7.639122e-02 2.684578e-05 4.401159e-03
303            3.773737e-01 -4.982796e-04 2.981607e-01 3.009968e-01 -5.278269e-04 2.937630e-01 7.637690e-02 2.954731e-05 4.397699e-03
304            3.772451e-01 -5.228285e-04 2.978146e-01 3.008829e-01 -5.549857e-04 2.934196e-01 7.636211e-02 3.215712e-05 4.394985e-03
305            3.771628e-01 -5.493207e-04 2.979663e-01 3.008163e-01 -5.839094e-04 2.935716e-01 7.634654e-02 3.458863e-05 4.394736e-03
306            3.771342e-01 -5.773215e-04 2.985751e-01 3.008040e-01 -6.142439e-04 2.941777e-01 7.633017e-02 3.692246e-05 4.397407e-03
307            3.771609e-01 -6.081153e-04 2.994981e-01 3.008467e-01 -6.468389e-04 2.950962e-01 7.631417e-02 3.872364e-05 4.401948e-03
308            3.772346e-01 -6.412389e-04 3.005328e-01 3.009345e-01 -6.808437e-04 2.961254e-01 7.630016e-02 3.960476e-05 4.407393e-03
309            3.773288e-01 -6.785938e-04 3.014513e-01 3.010395e-01 -7.185695e-04 2.970392e-01 7.628927e-02 3.997572e-05 4.412057e-03
310            3.774206e-01 -7.203505e-04 3.020518e-01 3.011374e-01 -7.606996e-04 2.976375e-01 7.628316e-02 4.034905e-05 4.414345e-03
311            3.774955e-01 -7.656116e-04 3.022107e-01 3.012117e-01 -8.064060e-04 2.977971e-01 7.628382e-02 4.079436e-05 4.413593e-03
312            3.775434e-01 -8.143891e-04 3.019038e-01 3.012523e-01 -8.556263e-04 2.974945e-01 7.629106e-02 4.123717e-05 4.409292e-03
313            3.775612e-01 -8.632995e-04 3.012098e-01 3.012572e-01 -9.047046e-04 2.968081e-01 7.630399e-02 4.140509e-05 4.401750e-03
314            3.775540e-01 -9.095465e-04 3.003002e-01 3.012342e-01 -9.502699e-04 2.959083e-01 7.631980e-02 4.072340e-05 4.391973e-03
315            3.775338e-01 -9.514369e-04 2.993974e-01 3.011971e-01 -9.909218e-04 2.950166e-01 7.633673e-02 3.948491e-05 4.380737e-03
316            3.775160e-01 -9.887015e-04 2.987213e-01 3.011629e-01 -1.026637e-03 2.943517e-01 7.635310e-02 3.793601e-05 4.369545e-03
317            3.775187e-01 -1.022729e-03 2.984348e-01 3.011501e-01 -1.058878e-03 2.940754e-01 7.636864e-02 3.614858e-05 4.359408e-03
318            3.775540e-01 -1.053958e-03 2.986058e-01 3.011717e-01 -1.088172e-03 2.942546e-01 7.638237e-02 3.421345e-05 4.351240e-03
319            3.776269e-01 -1.082348e-03 2.991943e-01 3.012328e-01 -1.114597e-03 2.948489e-01 7.639413e-02 3.224885e-05 4.345440e-03
320            3.777321e-01 -1.106543e-03 3.000732e-01 3.013285e-01 -1.136652e-03 2.957311e-01 7.640355e-02 3.010834e-05 4.342081e-03
321            3.778558e-01 -1.124892e-03 3.010568e-01 3.014450e-01 -1.152718e-03 2.967164e-01 7.641080e-02 2.782636e-05 4.340446e-03
322            3.779779e-01 -1.135025e-03 3.019433e-01 3.015620e-01 -1.160635e-03 2.976038e-01 7.641591e-02 2.561088e-05 4.339540e-03
323            3.780768e-01 -1.136146e-03 3.025552e-01 3.016577e-01 -1.159479e-03 2.982173e-01 7.641913e-02 2.333306e-05 4.337858e-03
324            3.781325e-01 -1.129559e-03 3.027792e-01 3.017119e-01 -1.150480e-03 2.984450e-01 7.642053e-02 2.092128e-05 4.334184e-03
325            3.781355e-01 -1.119264e-03 3.025928e-01 3.017150e-01 -1.137587e-03 2.982653e-01 7.642051e-02 1.832315e-05 4.327462e-03
326            3.780856e-01 -1.105937e-03 3.020707e-01 3.016664e-01 -1.121639e-03 2.977531e-01 7.641910e-02 1.570274e-05 4.317588e-03
327            3.779930e-01 -1.092100e-03 3.013673e-01 3.015765e-01 -1.105245e-03 2.970622e-01 7.641652e-02 1.314558e-05 4.305089e-03
328            3.778738e-01 -1.079399e-03 3.006786e-01 3.014612e-01 -1.090157e-03 2.963873e-01 7.641252e-02 1.075761e-05 4.291266e-03
329            3.777485e-01 -1.067092e-03 3.001931e-01 3.013414e-01 -1.075696e-03 2.959156e-01 7.640714e-02 8.603240e-06 4.277556e-03
330            3.776365e-01 -1.054853e-03 3.000487e-01 3.012365e-01 -1.061531e-03 2.957832e-01 7.640005e-02 6.677694e-06 4.265491e-03
331            3.775523e-01 -1.042567e-03 3.002982e-01 3.011609e-01 -1.047503e-03 2.960422e-01 7.639132e-02 4.935338e-06 4.256029e-03
332            3.774998e-01 -1.028195e-03 3.009010e-01 3.011188e-01 -1.031568e-03 2.966513e-01 7.638095e-02 3.372523e-06 4.249677e-03
333            3.774737e-01 -1.009829e-03 3.017369e-01 3.011045e-01 -1.011795e-03 2.974908e-01 7.636924e-02 1.965270e-06 4.246154e-03
334            3.774587e-01 -9.876782e-04 3.026354e-01 3.011024e-01 -9.883342e-04 2.983907e-01 7.635629e-02 6.559412e-07 4.244688e-03
335            3.774379e-01 -9.606063e-04 3.034113e-01 3.010952e-01 -9.601308e-04 2.991672e-01 7.634272e-02 -4.754440e-07 4.244064e-03
336            3.773941e-01 -9.292368e-04 3.039071e-01 3.010651e-01 -9.278047e-04 2.996640e-01 7.632894e-02 -1.432118e-06 4.243051e-03
337            3.773147e-01 -8.946817e-04 3.040289e-01 3.009991e-01 -8.924893e-04 2.997886e-01 7.631559e-02 -2.192307e-06 4.240263e-03
338            3.771946e-01 -8.570107e-04 3.037678e-01 3.008917e-01 -8.541581e-04 2.995327e-01 7.630287e-02 -2.852654e-06 4.235131e-03
339            3.770377e-01 -8.176711e-04 3.032032e-01 3.007466e-01 -8.142737e-04 2.989758e-01 7.629110e-02 -3.397497e-06 4.227452e-03
340            3.768541e-01 -7.786419e-04 3.024856e-01 3.005740e-01 -7.748188e-04 2.982676e-01 7.628014e-02 -3.823153e-06 4.218024e-03
341            3.766599e-01 -7.410139e-04 3.017978e-01 3.003902e-01 -7.368431e-04 2.975899e-01 7.626971e-02 -4.170879e-06 4.207940e-03
342            3.764740e-01 -7.045344e-04 3.013118e-01 3.002146e-01 -7.000986e-04 2.971132e-01 7.625936e-02 -4.435832e-06 4.198586e-03
343            3.763142e-01 -6.705064e-04 3.011491e-01 3.000649e-01 -6.658234e-04 2.969578e-01 7.624923e-02 -4.683015e-06 4.191340e-03
344            3.761901e-01 -6.400734e-04 3.013526e-01 2.999513e-01 -6.351554e-04 2.971655e-01 7.623880e-02 -4.918004e-06 4.187116e-03
345            3.761037e-01 -6.138955e-04 3.018773e-01 2.998755e-01 -6.088214e-04 2.976911e-01 7.622818e-02 -5.074158e-06 4.186198e-03
346            3.760469e-01 -5.918584e-04 3.026066e-01 2.998291e-01 -5.866490e-04 2.984181e-01 7.621780e-02 -5.209382e-06 4.188442e-03
347            3.760051e-01 -5.729433e-04 3.033753e-01 2.997978e-01 -5.676406e-04 2.991826e-01 7.620732e-02 -5.302701e-06 4.192738e-03
348            3.759590e-01 -5.559270e-04 3.040120e-01 2.997632e-01 -5.506183e-04 2.998139e-01 7.619576e-02 -5.308721e-06 4.198113e-03
349            3.758929e-01 -5.401588e-04 3.043705e-01 2.997089e-01 -5.348503e-04 3.001672e-01 7.618396e-02 -5.308531e-06 4.203284e-03
350            3.757933e-01 -5.246412e-04 3.043689e-01 2.996213e-01 -5.194254e-04 3.001615e-01 7.617201e-02 -5.215767e-06 4.207409e-03
351            3.756568e-01 -5.086391e-04 3.040009e-01 2.994965e-01 -5.035284e-04 2.997915e-01 7.616032e-02 -5.110616e-06 4.209400e-03
352            3.754849e-01 -4.914640e-04 3.033477e-01 2.993363e-01 -4.865601e-04 2.991382e-01 7.614858e-02 -4.903966e-06 4.209543e-03
353            3.752896e-01 -4.739908e-04 3.025489e-01 2.991525e-01 -4.693698e-04 2.983409e-01 7.613709e-02 -4.620998e-06 4.207997e-03
354            3.750853e-01 -4.568048e-04 3.017785e-01 2.989601e-01 -4.525292e-04 2.975724e-01 7.612519e-02 -4.275602e-06 4.206126e-03
355            3.748919e-01 -4.399533e-04 3.011951e-01 2.987790e-01 -4.361088e-04 2.969903e-01 7.611293e-02 -3.844503e-06 4.204793e-03
356            3.747221e-01 -4.239332e-04 3.009146e-01 2.986226e-01 -4.206147e-04 2.967091e-01 7.609954e-02 -3.318479e-06 4.205548e-03
357            3.745896e-01 -4.094930e-04 3.009736e-01 2.985039e-01 -4.067307e-04 2.967650e-01 7.608572e-02 -2.762333e-06 4.208589e-03
358            3.744910e-01 -3.965186e-04 3.013363e-01 2.984203e-01 -3.944143e-04 2.971214e-01 7.607070e-02 -2.104299e-06 4.214881e-03
359            3.744239e-01 -3.846946e-04 3.018926e-01 2.983688e-01 -3.833561e-04 2.976690e-01 7.605515e-02 -1.338499e-06 4.223589e-03
360            3.743721e-01 -3.737855e-04 3.024957e-01 2.983334e-01 -3.732133e-04 2.982612e-01 7.603864e-02 -5.722050e-07 4.234420e-03
361            3.743233e-01 -3.632268e-04 3.029856e-01 2.983012e-01 -3.634333e-04 2.987399e-01 7.602211e-02 2.065525e-07 4.245658e-03
362            3.742582e-01 -3.535808e-04 3.032356e-01 2.982531e-01 -3.544184e-04 2.989791e-01 7.600514e-02 8.376100e-07 4.256518e-03
363            3.741693e-01 -3.445154e-04 3.031682e-01 2.981807e-01 -3.457948e-04 2.989026e-01 7.598862e-02 1.279417e-06 4.265531e-03
364            3.740498e-01 -3.359795e-04 3.027857e-01 2.980775e-01 -3.373639e-04 2.985131e-01 7.597229e-02 1.384325e-06 4.272580e-03
365            3.739049e-01 -3.267061e-04 3.021593e-01 2.979480e-01 -3.278898e-04 2.978822e-01 7.595685e-02 1.183616e-06 4.277150e-03
366            3.737412e-01 -3.163307e-04 3.014208e-01 2.977993e-01 -3.169295e-04 2.971406e-01 7.594190e-02 5.988691e-07 4.280219e-03
367            3.735764e-01 -3.033348e-04 3.007228e-01 2.976484e-01 -3.031330e-04 2.964405e-01 7.592800e-02 -2.018706e-07 4.282259e-03
368            3.734242e-01 -2.879030e-04 3.002121e-01 2.975095e-01 -2.866489e-04 2.959273e-01 7.591471e-02 -1.254062e-06 4.284829e-03
369            3.733018e-01 -2.684061e-04 2.999843e-01 2.973994e-01 -2.660134e-04 2.956958e-01 7.590239e-02 -2.392660e-06 4.288485e-03
370            3.732163e-01 -2.444487e-04 3.000733e-01 2.973258e-01 -2.406798e-04 2.957788e-01 7.589054e-02 -3.768891e-06 4.294431e-03
371            3.731721e-01 -2.150475e-04 3.004351e-01 2.972924e-01 -2.098268e-04 2.961328e-01 7.587973e-02 -5.220638e-06 4.302270e-03
372            3.731596e-01 -1.806806e-04 3.009711e-01 2.972901e-01 -1.738111e-04 2.966589e-01 7.586955e-02 -6.869575e-06 4.312128e-03
373            3.731683e-01 -1.401177e-04 3.015393e-01 2.973078e-01 -1.313512e-04 2.972164e-01 7.586047e-02 -8.766531e-06 4.322882e-03
374            3.731805e-01 -9.336564e-05 3.019995e-01 2.973284e-01 -8.233654e-05 2.976656e-01 7.585209e-02 -1.102910e-05 4.333950e-03
375            3.731843e-01 -4.002667e-05 3.022328e-01 2.973392e-01 -2.638511e-05 2.978890e-01 7.584504e-02 -1.364157e-05 4.343788e-03
376            3.731675e-01 1.998771e-05 3.021776e-01 2.973285e-01 3.656857e-05 2.978257e-01 7.583900e-02 -1.658086e-05 4.351928e-03
377            3.731279e-01 8.791804e-05 3.018371e-01 2.972934e-01 1.076732e-04 2.974797e-01 7.583453e-02 -1.975515e-05 4.357404e-03
378            3.730658e-01 1.623377e-04 3.012835e-01 2.972346e-01 1.858124e-04 2.969229e-01 7.583119e-02 -2.347474e-05 4.360547e-03
379            3.729923e-01 2.458282e-04 3.006350e-01 2.971632e-01 2.732999e-04 2.962734e-01 7.582910e-02 -2.747176e-05 4.361680e-03
380            3.729184e-01 3.368199e-04 3.000344e-01 2.970907e-01 3.686488e-04 2.956725e-01 7.582766e-02 -3.182885e-05 4.361958e-03
381            3.728613e-01 4.352974e-04 2.996088e-01 2.970344e-01 4.717585e-04 2.952470e-01 7.582687e-02 -3.646109e-05 4.361734e-03
382            3.728325e-01 5.396800e-04 2.994451e-01 2.970061e-01 5.810249e-04 2.950828e-01 7.582643e-02 -4.134492e-05 4.362266e-03
383            3.728435e-01 6.494136e-04 2.995656e-01 2.970165e-01 6.956496e-04 2.952018e-01 7.582694e-02 -4.623598e-05 4.363779e-03
384            3.728931e-01 7.618857e-04 2.999294e-01 2.970646e-01 8.132375e-04 2.955627e-01 7.582854e-02 -5.135179e-05 4.366663e-03
385            3.729764e-01 8.769886e-04 3.004397e-01 2.971443e-01 9.334087e-04 2.960692e-01 7.583207e-02 -5.642009e-05 4.370504e-03
386            3.730807e-01 9.933982e-04 3.009718e-01 2.972430e-01 1.054862e-03 2.965969e-01 7.583770e-02 -6.146352e-05 4.374897e-03
387            3.731967e-01 1.112216e-03 3.013969e-01 2.973503e-01 1.178560e-03 2.970184e-01 7.584632e-02 -6.634363e-05 4.378426e-03
388            3.733104e-01 1.233377e-03 3.016170e-01 2.974526e-01 1.304638e-03 2.972367e-01 7.585779e-02 -7.126085e-05 4.380315e-03
389            3.734131e-01 1.360013e-03 3.015793e-01 2.975411e-01 1.436184e-03 2.971996e-01 7.587201e-02 -7.617120e-05 4.379742e-03
390            3.734993e-01 1.493972e-03 3.012959e-01 2.976114e-01 1.574919e-03 2.969187e-01 7.588796e-02 -8.094714e-05 4.377190e-03
391            3.735717e-01 1.636224e-03 3.008362e-01 2.976663e-01 1.721485e-03 2.964640e-01 7.590542e-02 -8.526125e-05 4.372259e-03
392            3.736352e-01 1.785119e-03 3.003125e-01 2.977120e-01 1.874124e-03 2.959468e-01 7.592320e-02 -8.900478e-05 4.365729e-03
393            3.737003e-01 1.937946e-03 2.998503e-01 2.977594e-01 2.030025e-03 2.954925e-01 7.594099e-02 -9.207899e-05 4.357896e-03
394            3.737768e-01 2.089749e-03 2.995620e-01 2.978192e-01 2.184487e-03 2.952122e-01 7.595759e-02 -9.473720e-05 4.349755e-03
395            3.738741e-01 2.236970e-03 2.995167e-01 2.979018e-01 2.334138e-03 2.951750e-01 7.597234e-02 -9.716777e-05 4.341731e-03
396            3.739952e-01 2.378013e-03 2.997308e-01 2.980106e-01 2.477334e-03 2.953960e-01 7.598464e-02 -9.932085e-05 4.334766e-03
397            3.741386e-01 2.516184e-03 3.001620e-01 2.981435e-01 2.616916e-03 2.958330e-01 7.599504e-02 -1.007319e-04 4.329007e-03
398            3.742934e-01 2.654717e-03 3.007236e-01 2.982901e-01 2.756115e-03 2.963989e-01 7.600331e-02 -1.013977e-04 4.324780e-03
399            3.744487e-01 2.797044e-03 3.013003e-01 2.984389e-01 2.898557e-03 2.969792e-01 7.600981e-02 -1.015130e-04 4.321135e-03
400            3.745890e-01 2.943409e-03 3.017824e-01 2.985749e-01 3.044931e-03 2.974645e-01 7.601416e-02 -1.015221e-04 4.317849e-03
401            3.747044e-01 3.093427e-03 3.020811e-01 2.986876e-01 3.194764e-03 2.977674e-01 7.601682e-02 -1.013375e-04 4.313674e-03
402            3.747835e-01 3.245133e-03 3.021562e-01 2.987660e-01 3.346116e-03 2.978476e-01 7.601753e-02 -1.009833e-04 4.308597e-03
403            3.748264e-01 3.396917e-03 3.020164e-01 2.988092e-01 3.497281e-03 2.977147e-01 7.601714e-02 -1.003646e-04 4.301701e-03
404            3.748319e-01 3.547160e-03 3.017285e-01 2.988167e-01 3.646758e-03 2.974348e-01 7.601519e-02 -9.959755e-05 4.293707e-03
405            3.748126e-01 3.695190e-03 3.013860e-01 2.988001e-01 3.793700e-03 2.971017e-01 7.601250e-02 -9.850953e-05 4.284315e-03
406            3.747748e-01 3.839782e-03 3.011026e-01 2.987667e-01 3.937025e-03 2.968275e-01 7.600818e-02 -9.724375e-05 4.275008e-03
407            3.747369e-01 3.979731e-03 3.009671e-01 2.987334e-01 4.075275e-03 2.967014e-01 7.600345e-02 -9.554432e-05 4.265727e-03
408            3.747037e-01 4.113000e-03 3.010411e-01 2.987064e-01 4.206615e-03 2.967830e-01 7.599730e-02 -9.361476e-05 4.258099e-03
409            3.746865e-01 4.239240e-03 3.013264e-01 2.986953e-01 4.330391e-03 2.970748e-01 7.599112e-02 -9.115057e-05 4.251657e-03
410            3.746798e-01 4.357818e-03 3.017846e-01 2.986960e-01 4.446248e-03 2.975373e-01 7.598381e-02 -8.843050e-05 4.247325e-03
411            3.746853e-01 4.469307e-03 3.023288e-01 2.987083e-01 4.554597e-03 2.980849e-01 7.597700e-02 -8.528944e-05 4.243917e-03
412            3.746882e-01 4.573919e-03 3.028623e-01 2.987186e-01 4.655914e-03 2.986205e-01 7.596957e-02 -8.199511e-05 4.241753e-03
413            3.746840e-01 4.672726e-03 3.032814e-01 2.987210e-01 4.751067e-03 2.990422e-01 7.596306e-02 -7.834115e-05 4.239201e-03
414            3.746569e-01 4.765101e-03 3.035183e-01 2.987005e-01 4.839717e-03 2.992819e-01 7.595643e-02 -7.461646e-05 4.236429e-03
415            3.746080e-01 4.851287e-03 3.035364e-01 2.986566e-01 4.921908e-03 2.993044e-01 7.595141e-02 -7.062133e-05 4.232072e-03
416            3.745289e-01 4.930057e-03 3.033586e-01 2.985824e-01 4.996699e-03 2.991319e-01 7.594656e-02 -6.664168e-05 4.226754e-03
417            3.744303e-01 5.001415e-03 3.030410e-01 2.984868e-01 5.063817e-03 2.988213e-01 7.594353e-02 -6.240190e-05 4.219761e-03
418            3.743123e-01 5.063966e-03 3.026804e-01 2.983717e-01 5.122107e-03 2.984678e-01 7.594063e-02 -5.814107e-05 4.212581e-03
419            3.741931e-01 5.118825e-03 3.023704e-01 2.982538e-01 5.172461e-03 2.981654e-01 7.593932e-02 -5.363627e-05 4.204975e-03
420            3.740765e-01 5.166278e-03 3.021983e-01 2.981385e-01 5.215740e-03 2.979998e-01 7.593795e-02 -4.946225e-05 4.198534e-03
421            3.739783e-01 5.206469e-03 3.022074e-01 2.980401e-01 5.251672e-03 2.980144e-01 7.593820e-02 -4.520244e-05 4.193050e-03
422            3.738942e-01 5.238653e-03 3.024045e-01 2.979562e-01 5.279945e-03 2.982147e-01 7.593797e-02 -4.129225e-05 4.189812e-03
423            3.738317e-01 5.266045e-03 3.027408e-01 2.978920e-01 5.303268e-03 2.985529e-01 7.593971e-02 -3.722321e-05 4.187950e-03
424            3.737768e-01 5.289141e-03 3.031459e-01 2.978359e-01 5.322588e-03 2.989577e-01 7.594093e-02 -3.344708e-05 4.188150e-03
425            3.737292e-01 5.312030e-03 3.035236e-01 2.977859e-01 5.341766e-03 2.993346e-01 7.594334e-02 -2.973616e-05 4.188978e-03
426            3.736711e-01 5.335903e-03 3.037908e-01 2.977261e-01 5.362211e-03 2.996004e-01 7.594504e-02 -2.630875e-05 4.190362e-03
427            3.736036e-01 5.363347e-03 3.038802e-01 2.976554e-01 5.386170e-03 2.996892e-01 7.594823e-02 -2.282271e-05 4.191055e-03
428            3.735138e-01 5.394931e-03 3.037733e-01 2.975625e-01 5.414657e-03 2.995820e-01 7.595130e-02 -1.972530e-05 4.191300e-03
429            3.734095e-01 5.432661e-03 3.034874e-01 2.974532e-01 5.449189e-03 2.992971e-01 7.595627e-02 -1.652845e-05 4.190337e-03
430            3.732871e-01 5.475943e-03 3.030866e-01 2.973260e-01 5.489618e-03 2.988978e-01 7.596103e-02 -1.367508e-05 4.188803e-03
431            3.731629e-01 5.526313e-03 3.026513e-01 2.971959e-01 5.537309e-03 2.984647e-01 7.596708e-02 -1.099639e-05 4.186576e-03
432            3.730411e-01 5.581734e-03 3.022757e-01 2.970685e-01 5.590658e-03 2.980908e-01 7.597259e-02 -8.923302e-06 4.184885e-03
433            3.729382e-01 5.642044e-03 3.020309e-01 2.969593e-01 5.649133e-03 2.978471e-01 7.597889e-02 -7.088863e-06 4.183754e-03
434            3.728557e-01 5.706435e-03 3.019608e-01 2.968713e-01 5.712051e-03 2.977765e-01 7.598438e-02 -5.616523e-06 4.184305e-03
435            3.728033e-01 5.775811e-03 3.020606e-01 2.968133e-01 5.780077e-03 2.978744e-01 7.599007e-02 -4.265622e-06 4.186176e-03
436            3.727744e-01 5.849928e-03 3.022950e-01 2.967795e-01 5.853372e-03 2.981050e-01 7.599492e-02 -3.443827e-06 4.189940e-03
437            3.727698e-01 5.930604e-03 3.025900e-01 2.967693e-01 5.933676e-03 2.983955e-01 7.600055e-02 -3.071166e-06 4.194500e-03
438            3.727768e-01 6.016266e-03 3.028651e-01 2.967708e-01 6.019485e-03 2.986651e-01 7.600598e-02 -3.219156e-06 4.199980e-03
439            3.727910e-01 6.107761e-03 3.030380e-01 2.967787e-01 6.111505e-03 2.988329e-01 7.601228e-02 -3.743925e-06 4.205076e-03
440            3.728012e-01 6.204505e-03 3.030566e-01 2.967828e-01 6.208955e-03 2.988467e-01 7.601842e-02 -4.450235e-06 4.209833e-03
441            3.728085e-01 6.307785e-03 3.028997e-01 2.967829e-01 6.312970e-03 2.986865e-01 7.602554e-02 -5.185099e-06 4.213211e-03
442            3.728099e-01 6.418752e-03 3.025929e-01 2.967766e-01 6.424636e-03 2.983774e-01 7.603326e-02 -5.883705e-06 4.215488e-03
443            3.728117e-01 6.538747e-03 3.021913e-01 2.967693e-01 6.545113e-03 2.979748e-01 7.604244e-02 -6.365087e-06 4.216446e-03
444            3.728172e-01 6.664722e-03 3.017748e-01 2.967651e-01 6.671379e-03 2.975578e-01 7.605210e-02 -6.656768e-06 4.217068e-03
445            3.728376e-01 6.792511e-03 3.014230e-01 2.967748e-01 6.799244e-03 2.972057e-01 7.606281e-02 -6.732813e-06 4.217295e-03
446            3.728778e-01 6.922151e-03 3.012005e-01 2.968046e-01 6.928858e-03 2.969823e-01 7.607327e-02 -6.706384e-06 4.218184e-03
447            3.729457e-01 7.052947e-03 3.011380e-01 2.968614e-01 7.059033e-03 2.969183e-01 7.608437e-02 -6.086588e-06 4.219743e-03
448            3.730411e-01 7.188628e-03 3.012314e-01 2.969454e-01 7.193342e-03 2.970083e-01 7.609568e-02 -4.714863e-06 4.223087e-03
449            3.731661e-01 7.326581e-03 3.014436e-01 2.970581e-01 7.329097e-03 2.972164e-01 7.610806e-02 -2.515743e-06 4.227176e-03
450            3.733135e-01 7.462958e-03 3.017079e-01 2.971927e-01 7.462002e-03 2.974756e-01 7.612075e-02 9.556261e-07 4.232303e-03
451            3.734810e-01 7.593865e-03 3.019445e-01 2.973456e-01 7.588157e-03 2.977071e-01 7.613536e-02 5.707759e-06 4.237389e-03
452            3.736609e-01 7.717830e-03 3.020810e-01 2.975087e-01 7.705862e-03 2.978387e-01 7.615223e-02 1.196802e-05 4.242220e-03
453            3.738529e-01 7.830669e-03 3.020665e-01 2.976806e-01 7.811271e-03 2.978207e-01 7.617234e-02 1.939812e-05 4.245794e-03
454            3.740525e-01 7.930977e-03 3.018874e-01 2.978563e-01 7.903168e-03 2.976388e-01 7.619615e-02 2.780876e-05 4.248677e-03
455            3.742636e-01 8.012232e-03 3.015625e-01 2.980402e-01 7.974758e-03 2.973122e-01 7.622341e-02 3.747424e-05 4.250290e-03
456            3.744853e-01 8.075798e-03 3.011454e-01 2.982326e-01 8.027486e-03 2.968939e-01 7.625269e-02 4.831229e-05 4.251429e-03
457            3.747270e-01 8.122421e-03 3.007015e-01 2.984438e-01 8.062136e-03 2.964495e-01 7.628314e-02 6.028567e-05 4.252036e-03
458            3.749940e-01 8.155485e-03 3.003121e-01 2.986817e-01 8.082352e-03 2.960587e-01 7.631229e-02 7.313292e-05 4.253373e-03
459            3.752966e-01 8.181685e-03 3.000340e-01 2.989576e-01 8.094864e-03 2.957783e-01 7.633903e-02 8.682086e-05 4.255708e-03
460            3.756355e-01 8.212326e-03 2.998990e-01 2.992736e-01 8.111835e-03 2.956389e-01 7.636191e-02 1.004910e-04 4.260155e-03
461            3.760111e-01 8.239520e-03 2.999153e-01 2.996307e-01 8.126245e-03 2.956483e-01 7.638042e-02 1.132752e-04 4.266951e-03
462            3.764453e-01 8.280382e-03 3.000382e-01 3.000509e-01 8.156289e-03 2.957619e-01 7.639441e-02 1.240923e-04 4.276307e-03
463            3.768717e-01 8.303809e-03 3.002359e-01 3.004683e-01 8.170929e-03 2.959488e-01 7.640336e-02 1.328803e-04 4.287130e-03
464            3.772721e-01 8.302906e-03 3.004346e-01 3.008638e-01 8.163791e-03 2.961354e-01 7.640828e-02 1.391157e-04 4.299187e-03
465            3.776339e-01 8.277261e-03 3.005765e-01 3.012240e-01 8.132927e-03 2.962654e-01 7.640984e-02 1.443345e-04 4.311150e-03
466            3.779239e-01 8.246455e-03 3.006093e-01 3.015149e-01 8.098293e-03 2.962870e-01 7.640900e-02 1.481618e-04 4.322280e-03
467            3.781743e-01 8.182447e-03 3.005273e-01 3.017665e-01 8.031314e-03 2.961955e-01 7.640776e-02 1.511335e-04 4.331757e-03
468            3.783673e-01 8.094480e-03 3.003525e-01 3.019614e-01 7.941089e-03 2.960124e-01 7.640592e-02 1.533911e-04 4.340117e-03
469            3.785031e-01 7.977722e-03 3.001205e-01 3.020989e-01 7.821960e-03 2.957739e-01 7.640426e-02 1.557626e-04 4.346656e-03
470            3.785854e-01 7.825179e-03 2.998882e-01 3.021811e-01 7.667512e-03 2.955359e-01 7.640428e-02 1.576669e-04 4.352333e-03
471            3.786282e-01 7.634871e-03 2.997132e-01 3.022223e-01 7.474717e-03 2.953559e-01 7.640594e-02 1.601536e-04 4.357313e-03
472            3.786428e-01 7.403351e-03 2.996457e-01 3.022327e-01 7.240327e-03 2.952834e-01 7.641017e-02 1.630245e-04 4.362370e-03
473            3.786445e-01 7.129848e-03 2.997030e-01 3.022278e-01 6.962316e-03 2.953360e-01 7.641665e-02 1.675314e-04 4.366952e-03
474            3.786417e-01 6.815523e-03 2.998760e-01 3.022156e-01 6.643080e-03 2.955041e-01 7.642613e-02 1.724430e-04 4.371829e-03
475            3.786446e-01 6.458935e-03 3.001244e-01 3.022065e-01 6.280299e-03 2.957480e-01 7.643806e-02 1.786364e-04 4.376356e-03
476            3.786528e-01 6.059367e-03 3.003946e-01 3.022009e-01 5.874428e-03 2.960137e-01 7.645195e-02 1.849389e-04 4.380969e-03
477            3.786688e-01 5.620148e-03 3.006240e-01 3.022018e-01 5.427789e-03 2.962395e-01 7.646696e-02 1.923585e-04 4.384491e-03
478            3.786892e-01 5.145107e-03 3.007650e-01 3.022065e-01 4.944727e-03 2.963781e-01 7.648268e-02 2.003799e-04 4.386932e-03
479            3.787159e-01 4.641524e-03 3.007898e-01 3.022164e-01 4.432334e-03 2.964023e-01 7.649946e-02 2.091891e-04 4.387454e-03
480            3.787430e-01 4.112909e-03 3.007026e-01 3.022266e-01 3.895018e-03 2.963165e-01 7.651640e-02 2.178917e-04 4.386068e-03
481            3.787748e-01 3.569161e-03 3.005318e-01 3.022407e-01 3.342653e-03 2.961490e-01 7.653413e-02 2.265089e-04 4.382813e-03
482            3.788093e-01 3.020408e-03 3.003268e-01 3.022572e-01 2.785283e-03 2.959486e-01 7.655215e-02 2.351248e-04 4.378148e-03
483            3.788492e-01 2.473599e-03 3.001458e-01 3.022783e-01 2.230193e-03 2.957735e-01 7.657095e-02 2.434064e-04 4.372292e-03
484            3.788905e-01 1.940905e-03 3.000418e-01 3.023015e-01 1.690198e-03 2.956756e-01 7.658892e-02 2.507077e-04 4.366288e-03
485            3.789315e-01 1.441036e-03 3.000512e-01 3.023261e-01 1.184552e-03 2.956911e-01 7.660540e-02 2.564843e-04 4.360089e-03
486            3.789684e-01 9.811296e-04 3.001905e-01 3.023491e-01 7.209412e-04 2.958356e-01 7.661928e-02 2.601884e-04 4.354921e-03
487            3.790035e-01 5.701513e-04 3.004352e-01 3.023731e-01 3.080383e-04 2.960846e-01 7.663035e-02 2.621131e-04 4.350533e-03
488            3.790307e-01 2.086965e-04 3.007493e-01 3.023936e-01 -5.373107e-05 2.964020e-01 7.663710e-02 2.624276e-04 4.347226e-03
489            3.790465e-01 -1.035931e-04 3.010719e-01 3.024065e-01 -3.644873e-04 2.967278e-01 7.663995e-02 2.608942e-04 4.344094e-03
490            3.790471e-01 -3.704330e-04 3.013435e-01 3.024086e-01 -6.274436e-04 2.970023e-01 7.663849e-02 2.570106e-04 4.341175e-03
491            3.790299e-01 -5.982508e-04 3.015130e-01 3.023961e-01 -8.493571e-04 2.971748e-01 7.663380e-02 2.511064e-04 4.338266e-03
492            3.789880e-01 -7.911648e-04 3.015522e-01 3.023630e-01 -1.034618e-03 2.972169e-01 7.662505e-02 2.434527e-04 4.335258e-03
493            3.789212e-01 -9.469925e-04 3.014554e-01 3.023083e-01 -1.181275e-03 2.971238e-01 7.661283e-02 2.342824e-04 4.331639e-03
494            3.788282e-01 -1.061744e-03 3.012485e-01 3.022308e-01 -1.285481e-03 2.969208e-01 7.659742e-02 2.237372e-04 4.327679e-03
495            3.787152e-01 -1.131579e-03 3.009761e-01 3.021357e-01 -1.344121e-03 2.966527e-01 7.657947e-02 2.125421e-04 4.323364e-03
496            3.785866e-01 -1.157612e-03 3.006956e-01 3.020266e-01 -1.358679e-03 2.963765e-01 7.655994e-02 2.010662e-04 4.319077e-03
497            3.784525e-01 -1.142138e-03 3.004623e-01 3.019118e-01 -1.332244e-03 2.961472e-01 7.654068e-02 1.901052e-04 4.315141e-03
498            3.783178e-01 -1.095316e-03 3.003196e-01 3.017968e-01 -1.274662e-03 2.960078e-01 7.652104e-02 1.793464e-04 4.311834e-03
499            3.781924e-01 -1.027240e-03 3.002874e-01 3.016897e-01 -1.196438e-03 2.959784e-01 7.650276e-02 1.691984e-04 4.309083e-03
500            3.780780e-01 -9.535007e-04 3.003603e-01 3.015925e-01 -1.112537e-03 2.960533e-01 7.648550e-02 1.590363e-04 4.306959e-03
