Time        	total_x total_y total_z	pressure_x pressure_y pressure_z	viscous_x viscous_y viscous_z
1              1.291318e+02 1.278712e+00 2.762084e+01 1.289469e+02 1.278665e+00 2.762278e+01 1.848680e-01 4.622697e-05 -1.942508e-03
2              3.313331e+01 4.259701e-01 6.740261e+00 3.869770e+01 4.135445e-01 6.863198e+00 -5.564396e+00 1.242566e-02 -1.229375e-01
3              2.513180e+02 2.908067e+00 -6.394648e+00 2.526509e+02 2.918599e+00 -6.254865e+00 -1.332903e+00 -1.053276e-02 -1.397834e-01
4              3.355533e+01 1.184923e+01 -2.110197e+01 3.391914e+01 1.186241e+01 -2.101576e+01 -3.638147e-01 -1.317061e-02 -8.621215e-02
5              1.340860e+01 -9.092430e+00 -1.364299e+01 1.344696e+01 -9.105271e+00 -1.355572e+01 -3.836696e-02 1.284106e-02 -8.726987e-02
6              1.959232e+00 8.797286e+00 -5.410377e+00 1.872231e+00 8.794948e+00 -5.329683e+00 8.700115e-02 2.337897e-03 -8.069383e-02
7              1.642964e+00 -1.573596e+00 -2.573555e+00 1.451521e+00 -1.556268e+00 -2.512643e+00 1.914434e-01 -1.732822e-02 -6.091252e-02
8              1.088188e+01 6.459660e+00 -1.881577e+00 1.064197e+01 6.479469e+00 -1.842046e+00 2.399096e-01 -1.980895e-02 -3.953089e-02
9              6.829712e+00 -2.696887e+00 -3.673488e+00 6.617342e+00 -2.679169e+00 -3.641552e+00 2.123707e-01 -1.771852e-02 -3.193601e-02
10             5.218013e+00 2.855655e+00 -5.086709e+00 5.069312e+00 2.821039e+00 -5.046085e+00 1.487011e-01 3.461658e-02 -4.062424e-02
11             2.978840e+00 -6.804882e-01 -6.564887e+00 2.858765e+00 -6.695821e-01 -6.544263e+00 1.200750e-01 -1.090605e-02 -2.062375e-02
12             2.945575e+00 -6.738032e-02 -6.804514e+00 2.812112e+00 -5.556285e-02 -6.781429e+00 1.334632e-01 -1.181747e-02 -2.308479e-02
13             1.444301e+00 -1.329159e+00 -6.743113e+00 1.330258e+00 -1.294916e+00 -6.707982e+00 1.140433e-01 -3.424336e-02 -3.513113e-02
14             8.401685e-01 -9.477785e-01 -5.889889e+00 7.227235e-01 -9.192568e-01 -5.852496e+00 1.174450e-01 -2.852162e-02 -3.739335e-02
15             3.798928e-01 -1.562889e+00 -4.588261e+00 2.533512e-01 -1.537111e+00 -4.562985e+00 1.265415e-01 -2.577808e-02 -2.527560e-02
16             1.422829e-01 -1.397512e+00 -3.478353e+00 1.610175e-02 -1.381248e+00 -3.458351e+00 1.261811e-01 -1.626445e-02 -2.000192e-02
17             2.422278e-01 -1.356082e+00 -2.663123e+00 1.085682e-01 -1.340653e+00 -2.652084e+00 1.336597e-01 -1.542929e-02 -1.103903e-02
18             2.945594e-01 -1.647794e+00 -2.213692e+00 1.767921e-01 -1.631562e+00 -2.199473e+00 1.177673e-01 -1.623185e-02 -1.421931e-02
19             3.179813e-01 -1.467073e+00 -1.969827e+00 2.121536e-01 -1.456184e+00 -1.957824e+00 1.058277e-01 -1.088890e-02 -1.200295e-02
20             3.443244e-01 -1.841494e+00 -1.839495e+00 2.490966e-01 -1.822751e+00 -1.825143e+00 9.522773e-02 -1.874332e-02 -1.435237e-02
21             3.458688e-01 -1.656123e+00 -1.597523e+00 2.632211e-01 -1.646935e+00 -1.583534e+00 8.264769e-02 -9.188147e-03 -1.398936e-02
22             4.565503e-01 -1.735678e+00 -1.120622e+00 3.835556e-01 -1.716345e+00 -1.110331e+00 7.299473e-02 -1.933253e-02 -1.029135e-02
23             5.896963e-01 -1.429689e+00 -5.399916e-01 5.210189e-01 -1.418264e+00 -5.317212e-01 6.867739e-02 -1.142503e-02 -8.270378e-03
24             7.235040e-01 -1.318215e+00 6.546482e-03 6.609404e-01 -1.301988e+00 1.145526e-02 6.256363e-02 -1.622695e-02 -4.908776e-03
25             8.585627e-01 -9.459577e-01 4.210189e-01 7.988964e-01 -9.347264e-01 4.226867e-01 5.966631e-02 -1.123129e-02 -1.667860e-03
26             9.201824e-01 -7.685860e-01 7.177245e-01 8.655041e-01 -7.520722e-01 7.178882e-01 5.467830e-02 -1.651380e-02 -1.636258e-04
27             9.887968e-01 -3.556835e-01 8.552959e-01 9.344139e-01 -3.443267e-01 8.539259e-01 5.438291e-02 -1.135682e-02 1.369994e-03
28             9.576588e-01 -1.827010e-01 9.133044e-01 9.094017e-01 -1.659822e-01 9.111673e-01 4.825707e-02 -1.671878e-02 2.137098e-03
29             9.767757e-01 1.010274e-01 9.145533e-01 9.281640e-01 1.133927e-01 9.109933e-01 4.861175e-02 -1.236532e-02 3.559946e-03
30             9.723245e-01 1.946269e-01 9.193327e-01 9.259446e-01 2.067463e-01 9.172221e-01 4.637989e-02 -1.211933e-02 2.110595e-03
31             9.421935e-01 3.626697e-01 9.301509e-01 8.962222e-01 3.697636e-01 9.263611e-01 4.597135e-02 -7.093874e-03 3.789845e-03
32             9.296581e-01 4.140173e-01 9.179815e-01 8.823664e-01 4.210376e-01 9.152307e-01 4.729168e-02 -7.020267e-03 2.750854e-03
33             8.807213e-01 4.940393e-01 8.784914e-01 8.343617e-01 4.963660e-01 8.753887e-01 4.635956e-02 -2.326688e-03 3.102752e-03
34             8.608512e-01 4.631544e-01 8.106542e-01 8.126800e-01 4.652453e-01 8.086975e-01 4.817117e-02 -2.090844e-03 1.956713e-03
35             8.009609e-01 4.446235e-01 7.509000e-01 7.531006e-01 4.441461e-01 7.490322e-01 4.786031e-02 4.773882e-04 1.867817e-03
36             7.607021e-01 3.817785e-01 7.218344e-01 7.116679e-01 3.809315e-01 7.205619e-01 4.903425e-02 8.469833e-04 1.272504e-03
37             7.221144e-01 3.208999e-01 7.243466e-01 6.727336e-01 3.187758e-01 7.231604e-01 4.938083e-02 2.124058e-03 1.186276e-03
38             7.060009e-01 2.433751e-01 7.430804e-01 6.559916e-01 2.410609e-01 7.419021e-01 5.000926e-02 2.314227e-03 1.178315e-03
39             6.978028e-01 1.805940e-01 7.633701e-01 6.476154e-01 1.775866e-01 7.617951e-01 5.018737e-02 3.007442e-03 1.574962e-03
40             6.944684e-01 1.190527e-01 7.780474e-01 6.439706e-01 1.162027e-01 7.762310e-01 5.049787e-02 2.850047e-03 1.816461e-03
41             6.921436e-01 7.031038e-02 7.881640e-01 6.412597e-01 6.720446e-02 7.857424e-01 5.088391e-02 3.105928e-03 2.421654e-03
42             6.893083e-01 2.352781e-02 7.923630e-01 6.380533e-01 2.070718e-02 7.896461e-01 5.125494e-02 2.820627e-03 2.716898e-03
43             6.844622e-01 -1.195548e-02 7.895788e-01 6.327367e-01 -1.474376e-02 7.862666e-01 5.172546e-02 2.788281e-03 3.312175e-03
44             6.776402e-01 -4.255319e-02 7.796979e-01 6.254917e-01 -4.511805e-02 7.761485e-01 5.214842e-02 2.564854e-03 3.549395e-03
45             6.686233e-01 -6.471760e-02 7.633373e-01 6.159262e-01 -6.707401e-02 7.592741e-01 5.269707e-02 2.356410e-03 4.063235e-03
46             6.570125e-01 -8.036274e-02 7.385186e-01 6.037950e-01 -8.245545e-02 7.342592e-01 5.321751e-02 2.092706e-03 4.259450e-03
47             6.429569e-01 -8.766621e-02 7.040378e-01 5.890500e-01 -8.954121e-02 6.994443e-01 5.390691e-02 1.875003e-03 4.593516e-03
48             6.259243e-01 -8.862458e-02 6.585983e-01 5.713657e-01 -9.026914e-02 6.539101e-01 5.455864e-02 1.644557e-03 4.688259e-03
49             6.066874e-01 -8.477495e-02 6.056015e-01 5.514365e-01 -8.626241e-02 6.008538e-01 5.525090e-02 1.487461e-03 4.747711e-03
50             5.860728e-01 -7.709890e-02 5.437550e-01 5.300712e-01 -7.841426e-02 5.391307e-01 5.600157e-02 1.315357e-03 4.624333e-03
51             5.643074e-01 -6.915271e-02 4.821502e-01 5.076396e-01 -7.029772e-02 4.776920e-01 5.666776e-02 1.145015e-03 4.458203e-03
52             5.438168e-01 -6.190945e-02 4.238983e-01 4.864901e-01 -6.286303e-02 4.197360e-01 5.732678e-02 9.535769e-04 4.162262e-03
53             5.243355e-01 -5.548588e-02 3.737485e-01 4.665481e-01 -5.626444e-02 3.698488e-01 5.778742e-02 7.785602e-04 3.899701e-03
54             5.079670e-01 -5.148944e-02 3.375462e-01 4.497004e-01 -5.211186e-02 3.339536e-01 5.826661e-02 6.224200e-04 3.592629e-03
55             4.951704e-01 -4.815832e-02 3.126187e-01 4.364652e-01 -4.864504e-02 3.092219e-01 5.870517e-02 4.867175e-04 3.396835e-03
56             4.858390e-01 -4.479028e-02 3.047140e-01 4.266014e-01 -4.511811e-02 3.014823e-01 5.923764e-02 3.278376e-04 3.231711e-03
57             4.783294e-01 -4.005167e-02 3.088787e-01 4.185844e-01 -4.025513e-02 3.057201e-01 5.974505e-02 2.034658e-04 3.158576e-03
58             4.725157e-01 -3.428618e-02 3.212162e-01 4.121981e-01 -3.436643e-02 3.180456e-01 6.031761e-02 8.024847e-05 3.170648e-03
59             4.674443e-01 -2.766546e-02 3.385091e-01 4.066172e-01 -2.767149e-02 3.352473e-01 6.082717e-02 6.025834e-06 3.261794e-03
60             4.631922e-01 -2.102207e-02 3.581585e-01 4.018197e-01 -2.094633e-02 3.547239e-01 6.137256e-02 -7.573792e-05 3.434587e-03
61             4.593988e-01 -1.471569e-02 3.774828e-01 3.975863e-01 -1.459384e-02 3.738370e-01 6.181251e-02 -1.218449e-04 3.645771e-03
62             4.561258e-01 -8.600975e-03 3.925428e-01 3.938268e-01 -8.428404e-03 3.886666e-01 6.229901e-02 -1.725710e-04 3.876167e-03
63             4.528327e-01 -2.851276e-03 4.000227e-01 3.900983e-01 -2.655760e-03 3.959541e-01 6.273434e-02 -1.955160e-04 4.068524e-03
64             4.498835e-01 2.550097e-03 3.976565e-01 3.867248e-01 2.771050e-03 3.934643e-01 6.315869e-02 -2.209532e-04 4.192240e-03
65             4.459933e-01 7.021483e-03 3.857922e-01 3.824857e-01 7.219985e-03 3.815648e-01 6.350764e-02 -1.985014e-04 4.227385e-03
66             4.411658e-01 1.013936e-02 3.664686e-01 3.773223e-01 1.037898e-02 3.622843e-01 6.384346e-02 -2.396212e-04 4.184257e-03
67             4.356329e-01 1.231239e-02 3.426795e-01 3.715203e-01 1.254574e-02 3.386715e-01 6.411268e-02 -2.333485e-04 4.007979e-03
68             4.296194e-01 1.344080e-02 3.191309e-01 3.652740e-01 1.367540e-02 3.153358e-01 6.434543e-02 -2.346057e-04 3.795069e-03
69             4.239264e-01 1.394917e-02 3.003652e-01 3.593717e-01 1.418696e-02 2.968204e-01 6.455467e-02 -2.377928e-04 3.544816e-03
70             4.195339e-01 1.361098e-02 2.896303e-01 3.547528e-01 1.388233e-02 2.862853e-01 6.478119e-02 -2.713536e-04 3.345006e-03
71             4.166044e-01 1.368984e-02 2.882203e-01 3.516642e-01 1.387241e-02 2.850592e-01 6.494017e-02 -1.825684e-04 3.161098e-03
72             4.153510e-01 1.276928e-02 2.957108e-01 3.502470e-01 1.299797e-02 2.926501e-01 6.510397e-02 -2.286918e-04 3.060744e-03
73             4.151732e-01 1.328609e-02 3.102172e-01 3.499297e-01 1.337383e-02 3.071797e-01 6.524352e-02 -8.774021e-05 3.037518e-03
74             4.158789e-01 1.238315e-02 3.293452e-01 3.505062e-01 1.255455e-02 3.262326e-01 6.537275e-02 -1.714040e-04 3.112600e-03
75             4.171803e-01 1.209083e-02 3.502836e-01 3.517059e-01 1.217121e-02 3.470496e-01 6.547436e-02 -8.037521e-05 3.233967e-03
76             4.188580e-01 1.073298e-02 3.697683e-01 3.533101e-01 1.084969e-02 3.663774e-01 6.554782e-02 -1.167103e-04 3.390825e-03
77             4.205433e-01 9.700178e-03 3.843771e-01 3.549273e-01 9.733472e-03 3.808299e-01 6.561597e-02 -3.329447e-05 3.547202e-03
78             4.216787e-01 7.561729e-03 3.910960e-01 3.559857e-01 7.672575e-03 3.874174e-01 6.569300e-02 -1.108458e-04 3.678609e-03
79             4.219627e-01 7.075773e-03 3.878776e-01 3.562124e-01 7.015058e-03 3.841948e-01 6.575028e-02 6.071569e-05 3.682793e-03
80             4.216551e-01 4.549858e-03 3.744115e-01 3.557936e-01 4.664532e-03 3.707689e-01 6.586152e-02 -1.146737e-04 3.642643e-03
81             4.199262e-01 4.176140e-03 3.531640e-01 3.540479e-01 4.100252e-03 3.496600e-01 6.587833e-02 7.588840e-05 3.504039e-03
82             4.175465e-01 2.193693e-03 3.283991e-01 3.516064e-01 2.263198e-03 3.250837e-01 6.594017e-02 -6.950463e-05 3.315447e-03
83             4.145155e-01 1.285087e-03 3.063107e-01 3.485598e-01 1.227342e-03 3.031982e-01 6.595568e-02 5.774469e-05 3.112567e-03
84             4.121063e-01 -2.651229e-04 2.907522e-01 3.461296e-01 -2.684539e-04 2.878310e-01 6.597662e-02 3.331026e-06 2.921189e-03
85             4.109811e-01 -1.143763e-03 2.848565e-01 3.450149e-01 -1.207965e-03 2.820565e-01 6.596622e-02 6.420155e-05 2.799981e-03
86             4.113598e-01 -1.912452e-03 2.892296e-01 3.453915e-01 -1.981766e-03 2.864812e-01 6.596829e-02 6.931425e-05 2.748365e-03
87             4.129642e-01 -2.218819e-03 3.024702e-01 3.470351e-01 -2.331914e-03 2.996892e-01 6.592908e-02 1.130955e-04 2.781027e-03
88             4.153646e-01 -2.202039e-03 3.220331e-01 3.494629e-01 -2.338224e-03 3.191524e-01 6.590167e-02 1.361851e-04 2.880668e-03
89             4.179303e-01 -1.649598e-03 3.453083e-01 3.520995e-01 -1.847916e-03 3.422828e-01 6.583079e-02 1.983183e-04 3.025513e-03
90             4.205389e-01 -1.007274e-03 3.685114e-01 3.547603e-01 -1.219594e-03 3.653125e-01 6.577858e-02 2.123199e-04 3.198951e-03
91             4.228066e-01 8.068976e-05 3.878167e-01 3.571154e-01 -2.091603e-04 3.844388e-01 6.569123e-02 2.898500e-04 3.377942e-03
92             4.243710e-01 9.871443e-04 4.003528e-01 3.587422e-01 6.902787e-04 3.968202e-01 6.562883e-02 2.968656e-04 3.532628e-03
93             4.247647e-01 1.945253e-03 4.035361e-01 3.592023e-01 1.593599e-03 3.999035e-01 6.556247e-02 3.516541e-04 3.632571e-03
94             4.240943e-01 2.615717e-03 3.961965e-01 3.585643e-01 2.266286e-03 3.925348e-01 6.552996e-02 3.494308e-04 3.661620e-03
95             4.224066e-01 3.231985e-03 3.791136e-01 3.569085e-01 2.849750e-03 3.755136e-01 6.549815e-02 3.822350e-04 3.600042e-03
96             4.195741e-01 3.403726e-03 3.554886e-01 3.540844e-01 3.038441e-03 3.520218e-01 6.548965e-02 3.652850e-04 3.466836e-03
97             4.158722e-01 3.183933e-03 3.300548e-01 3.503938e-01 2.812964e-03 3.267786e-01 6.547842e-02 3.709693e-04 3.276238e-03
98             4.121024e-01 2.352990e-03 3.081529e-01 3.466248e-01 2.012938e-03 3.050669e-01 6.547760e-02 3.400516e-04 3.085975e-03
99             4.091094e-01 1.081833e-03 2.940725e-01 3.436604e-01 7.533701e-04 2.911455e-01 6.544901e-02 3.284627e-04 2.927002e-03
100            4.077239e-01 -5.951866e-04 2.901674e-01 3.422936e-01 -8.698686e-04 2.873349e-01 6.543031e-02 2.746820e-04 2.832534e-03
101            4.081899e-01 -2.269977e-03 2.967937e-01 3.428121e-01 -2.521154e-03 2.939806e-01 6.537784e-02 2.511774e-04 2.813119e-03
102            4.101781e-01 -3.832605e-03 3.119611e-01 3.448511e-01 -4.037359e-03 3.090834e-01 6.532707e-02 2.047541e-04 2.877651e-03
103            4.129857e-01 -5.047459e-03 3.327169e-01 3.477258e-01 -5.219109e-03 3.297107e-01 6.525996e-02 1.716499e-04 3.006221e-03
104            4.160336e-01 -5.882152e-03 3.556171e-01 3.508430e-01 -6.017954e-03 3.524326e-01 6.519057e-02 1.358024e-04 3.184482e-03
105            4.189091e-01 -6.367722e-03 3.769706e-01 3.537981e-01 -6.471908e-03 3.735798e-01 6.511102e-02 1.041868e-04 3.390871e-03
106            4.212026e-01 -6.563176e-03 3.930869e-01 3.561679e-01 -6.637843e-03 3.894995e-01 6.503473e-02 7.466782e-05 3.587489e-03
107            4.225013e-01 -6.491371e-03 4.007701e-01 3.575407e-01 -6.546519e-03 3.970253e-01 6.496061e-02 5.514856e-05 3.744814e-03
108            4.228998e-01 -6.182458e-03 3.982612e-01 3.580016e-01 -6.218086e-03 3.944268e-01 6.489817e-02 3.562836e-05 3.834373e-03
109            4.221903e-01 -5.555886e-03 3.846497e-01 3.573406e-01 -5.583164e-03 3.808120e-01 6.484975e-02 2.727820e-05 3.837778e-03
110            4.203664e-01 -4.740603e-03 3.623545e-01 3.555456e-01 -4.760442e-03 3.586080e-01 6.482082e-02 1.983905e-05 3.746512e-03
111            4.175432e-01 -3.938374e-03 3.358668e-01 3.527492e-01 -3.958050e-03 3.322842e-01 6.479401e-02 1.967595e-05 3.582566e-03
112            4.142664e-01 -3.401144e-03 3.110052e-01 3.494968e-01 -3.420704e-03 3.076178e-01 6.476960e-02 1.955932e-05 3.387430e-03
113            4.114707e-01 -3.324088e-03 2.929521e-01 3.467364e-01 -3.343580e-03 2.897413e-01 6.473434e-02 1.949279e-05 3.210825e-03
114            4.099868e-01 -3.734512e-03 2.852232e-01 3.452999e-01 -3.750193e-03 2.821305e-01 6.468689e-02 1.568097e-05 3.092761e-03
115            4.102785e-01 -4.470498e-03 2.887741e-01 3.456555e-01 -4.483282e-03 2.857212e-01 6.462300e-02 1.278444e-05 3.052886e-03
116            4.122294e-01 -5.326358e-03 3.021811e-01 3.476827e-01 -5.334815e-03 2.990849e-01 6.454675e-02 8.456912e-06 3.096167e-03
117            4.152207e-01 -6.109340e-03 3.225764e-01 3.507614e-01 -6.115053e-03 3.193646e-01 6.445926e-02 5.713785e-06 3.211772e-03
118            4.186245e-01 -6.697278e-03 3.465512e-01 3.542584e-01 -6.701436e-03 3.431688e-01 6.436604e-02 4.157469e-06 3.382450e-03
119            4.220356e-01 -7.049508e-03 3.703670e-01 3.577645e-01 -7.055632e-03 3.667840e-01 6.427111e-02 6.124363e-06 3.582998e-03
120            4.250764e-01 -7.179302e-03 3.902221e-01 3.608951e-01 -7.190226e-03 3.864371e-01 6.418131e-02 1.092382e-05 3.785006e-03
121            4.272445e-01 -7.081347e-03 4.025800e-01 3.631417e-01 -7.100310e-03 3.986259e-01 6.410278e-02 1.896228e-05 3.954149e-03
122            4.282051e-01 -6.720903e-03 4.047275e-01 3.641678e-01 -6.749570e-03 4.006662e-01 6.403731e-02 2.866728e-05 4.061323e-03
123            4.278799e-01 -6.050453e-03 3.956061e-01 3.638919e-01 -6.091821e-03 3.915247e-01 6.398807e-02 4.136772e-05 4.081423e-03
124            4.264036e-01 -5.082854e-03 3.762267e-01 3.624465e-01 -5.140366e-03 3.722216e-01 6.395713e-02 5.751213e-05 4.005042e-03
125            4.236062e-01 -3.987785e-03 3.501453e-01 3.596633e-01 -4.063345e-03 3.463073e-01 6.394289e-02 7.555967e-05 3.838046e-03
126            4.199109e-01 -3.015934e-03 3.225831e-01 3.559712e-01 -3.109335e-03 3.189668e-01 6.393968e-02 9.340134e-05 3.616348e-03
127            4.160928e-01 -2.415470e-03 2.993538e-01 3.521531e-01 -2.523963e-03 2.959663e-01 6.393964e-02 1.084928e-04 3.387518e-03
128            4.130272e-01 -2.357461e-03 2.851226e-01 3.490980e-01 -2.474211e-03 2.819214e-01 6.392919e-02 1.167491e-04 3.201189e-03
129            4.114671e-01 -2.759855e-03 2.822202e-01 3.475657e-01 -2.879532e-03 2.791318e-01 6.390134e-02 1.196775e-04 3.088337e-03
130            4.116035e-01 -3.438768e-03 2.904450e-01 3.477449e-01 -3.557618e-03 2.873849e-01 6.385862e-02 1.188493e-04 3.060086e-03
131            4.131039e-01 -4.182238e-03 3.075103e-01 3.492982e-01 -4.297922e-03 3.043987e-01 6.380562e-02 1.156839e-04 3.111654e-03
132            4.152982e-01 -4.822240e-03 3.301543e-01 3.515511e-01 -4.933283e-03 3.269217e-01 6.374718e-02 1.110429e-04 3.232605e-03
133            4.177390e-01 -5.277380e-03 3.546360e-01 3.540512e-01 -5.383537e-03 3.512344e-01 6.368788e-02 1.061568e-04 3.401642e-03
134            4.201599e-01 -5.539045e-03 3.770682e-01 3.565315e-01 -5.640485e-03 3.734751e-01 6.362842e-02 1.014404e-04 3.593084e-03
135            4.221691e-01 -5.598329e-03 3.936143e-01 3.585965e-01 -5.696162e-03 3.898403e-01 6.357257e-02 9.783267e-05 3.773922e-03
136            4.232983e-01 -5.431507e-03 4.010357e-01 3.597762e-01 -5.527446e-03 3.971208e-01 6.352202e-02 9.593899e-05 3.914923e-03
137            4.233210e-01 -4.980415e-03 3.973077e-01 3.598353e-01 -5.077356e-03 3.933211e-01 6.348563e-02 9.694014e-05 3.986576e-03
138            4.223235e-01 -4.188081e-03 3.823397e-01 3.588531e-01 -4.289034e-03 3.783692e-01 6.347042e-02 1.009525e-04 3.970519e-03
139            4.202394e-01 -3.148894e-03 3.585148e-01 3.567649e-01 -3.256841e-03 3.546550e-01 6.347447e-02 1.079472e-04 3.859799e-03
140            4.171760e-01 -2.103191e-03 3.304314e-01 3.536855e-01 -2.218265e-03 3.267555e-01 6.349054e-02 1.150740e-04 3.675933e-03
141            4.136948e-01 -1.350742e-03 3.039068e-01 3.501878e-01 -1.470783e-03 3.004461e-01 6.350698e-02 1.200408e-04 3.460760e-03
142            4.106074e-01 -1.168968e-03 2.844891e-01 3.470934e-01 -1.288689e-03 2.812214e-01 6.351406e-02 1.197214e-04 3.267623e-03
143            4.088105e-01 -1.582640e-03 2.758349e-01 3.453053e-01 -1.696737e-03 2.726993e-01 6.350527e-02 1.140974e-04 3.135612e-03
144            4.087858e-01 -2.397725e-03 2.790550e-01 3.453066e-01 -2.502340e-03 2.759668e-01 6.347917e-02 1.046151e-04 3.088234e-03
145            4.104061e-01 -3.348077e-03 2.928006e-01 3.469707e-01 -3.441695e-03 2.896736e-01 6.343539e-02 9.361830e-05 3.127054e-03
146            4.130482e-01 -4.199516e-03 3.141625e-01 3.496713e-01 -4.280802e-03 3.109185e-01 6.337693e-02 8.128584e-05 3.243962e-03
147            4.160989e-01 -4.808802e-03 3.395215e-01 3.527909e-01 -4.877871e-03 3.361030e-01 6.330799e-02 6.906893e-05 3.418534e-03
148            4.192248e-01 -5.145632e-03 3.649841e-01 3.559910e-01 -5.204094e-03 3.613557e-01 6.323384e-02 5.846133e-05 3.628414e-03
149            4.221748e-01 -5.227271e-03 3.865818e-01 3.590137e-01 -5.278015e-03 3.827392e-01 6.316109e-02 5.074432e-05 3.842583e-03
150            4.244749e-01 -5.051237e-03 4.006207e-01 3.613770e-01 -5.096935e-03 3.965904e-01 6.309788e-02 4.569828e-05 4.030270e-03
151            4.256906e-01 -4.597167e-03 4.042270e-01 3.626394e-01 -4.640961e-03 4.000686e-01 6.305117e-02 4.379382e-05 4.158489e-03
152            4.257052e-01 -3.820313e-03 3.962160e-01 3.626780e-01 -3.865449e-03 3.920126e-01 6.302723e-02 4.513608e-05 4.203474e-03
153            4.246742e-01 -2.713985e-03 3.774017e-01 3.616448e-01 -2.764529e-03 3.732520e-01 6.302943e-02 5.054386e-05 4.149688e-03
154            4.224607e-01 -1.454109e-03 3.513073e-01 3.594067e-01 -1.513675e-03 3.473041e-01 6.305402e-02 5.956569e-05 4.003250e-03
155            4.193544e-01 -3.284089e-04 3.231338e-01 3.562607e-01 -3.985018e-04 3.193409e-01 6.309371e-02 7.009289e-05 3.792836e-03
156            4.160033e-01 3.102898e-04 2.988230e-01 3.528703e-01 2.324694e-04 2.952550e-01 6.313299e-02 7.782036e-05 3.567929e-03
157            4.132572e-01 2.455361e-04 2.832619e-01 3.501001e-01 1.669649e-04 2.798854e-01 6.315716e-02 7.857125e-05 3.376570e-03
158            4.119492e-01 -4.229784e-04 2.790899e-01 3.487898e-01 -4.962592e-04 2.758341e-01 6.315950e-02 7.328080e-05 3.255840e-03
159            4.122958e-01 -1.432269e-03 2.863619e-01 3.491533e-01 -1.497904e-03 2.831435e-01 6.314251e-02 6.563475e-05 3.218454e-03
160            4.139827e-01 -2.480176e-03 3.030436e-01 3.508743e-01 -2.536853e-03 2.997790e-01 6.310843e-02 5.667702e-05 3.264582e-03
161            4.163196e-01 -3.331764e-03 3.257915e-01 3.532551e-01 -3.378544e-03 3.224133e-01 6.306452e-02 4.678072e-05 3.378215e-03
162            4.188316e-01 -3.889623e-03 3.508409e-01 3.558147e-01 -3.927336e-03 3.473005e-01 6.301686e-02 3.771307e-05 3.540368e-03
163            4.212661e-01 -4.157288e-03 3.742290e-01 3.582948e-01 -4.188730e-03 3.705043e-01 6.297126e-02 3.144186e-05 3.724693e-03
164            4.232841e-01 -4.144342e-03 3.921113e-01 3.603509e-01 -4.173167e-03 3.882119e-01 6.293324e-02 2.882508e-05 3.899402e-03
165            4.243957e-01 -3.845447e-03 4.011719e-01 3.614908e-01 -3.875986e-03 3.971390e-01 6.290485e-02 3.053858e-05 4.032978e-03
166            4.243291e-01 -3.226823e-03 3.992359e-01 3.614337e-01 -3.262846e-03 3.951361e-01 6.289533e-02 3.602254e-05 4.099802e-03
167            4.231374e-01 -2.243577e-03 3.859650e-01 3.602277e-01 -2.289177e-03 3.818855e-01 6.290966e-02 4.559960e-05 4.079471e-03
168            4.209776e-01 -9.832587e-04 3.633413e-01 3.580344e-01 -1.042628e-03 3.593726e-01 6.294319e-02 5.936912e-05 3.968678e-03
169            4.178445e-01 2.964406e-04 3.356636e-01 3.548561e-01 2.198132e-04 3.318835e-01 6.298837e-02 7.662738e-05 3.780128e-03
170            4.142062e-01 1.235715e-03 3.085607e-01 3.511725e-01 1.142636e-03 3.050043e-01 6.303369e-02 9.307876e-05 3.556361e-03
171            4.108070e-01 1.508876e-03 2.875801e-01 3.477376e-01 1.404806e-03 2.842352e-01 6.306947e-02 1.040697e-04 3.344963e-03
172            4.085150e-01 1.042726e-03 2.766356e-01 3.454262e-01 9.358706e-04 2.734446e-01 6.308877e-02 1.068559e-04 3.190966e-03
173            4.079363e-01 4.470368e-05 2.772102e-01 3.448441e-01 -5.998925e-05 2.740932e-01 6.309215e-02 1.046929e-04 3.117028e-03
174            4.090007e-01 -1.186691e-03 2.884311e-01 3.459202e-01 -1.286263e-03 2.853013e-01 6.308047e-02 9.957202e-05 3.129779e-03
175            4.112090e-01 -2.337015e-03 3.076749e-01 3.481524e-01 -2.429793e-03 3.044553e-01 6.305657e-02 9.277749e-05 3.219641e-03
176            4.139043e-01 -3.206641e-03 3.315014e-01 3.508803e-01 -3.291932e-03 3.281311e-01 6.302397e-02 8.529063e-05 3.370328e-03
177            4.166979e-01 -3.739631e-03 3.561057e-01 3.537117e-01 -3.818518e-03 3.525479e-01 6.298620e-02 7.888666e-05 3.557762e-03
178            4.193621e-01 -3.963469e-03 3.776634e-01 3.564151e-01 -4.037902e-03 3.739075e-01 6.294702e-02 7.443264e-05 3.755926e-03
179            4.214987e-01 -3.893010e-03 3.925429e-01 3.585863e-01 -3.967118e-03 3.886108e-01 6.291248e-02 7.410799e-05 3.932061e-03
180            4.226713e-01 -3.512909e-03 3.979288e-01 3.597849e-01 -3.590565e-03 3.938707e-01 6.288639e-02 7.765552e-05 4.058097e-03
181            4.227382e-01 -2.759153e-03 3.923999e-01 3.598650e-01 -2.844588e-03 3.882911e-01 6.287318e-02 8.543450e-05 4.108764e-03
182            4.218235e-01 -1.618128e-03 3.764599e-01 3.589474e-01 -1.714745e-03 3.723882e-01 6.287614e-02 9.661711e-05 4.071729e-03
183            4.200018e-01 -2.520049e-04 3.530124e-01 3.571109e-01 -3.634294e-04 3.490641e-01 6.289098e-02 1.114245e-04 3.948382e-03
184            4.174294e-01 9.853018e-04 3.268321e-01 3.545163e-01 8.576827e-04 3.230670e-01 6.291310e-02 1.276190e-04 3.765165e-03
185            4.146207e-01 1.686624e-03 3.034185e-01 3.516877e-01 1.545373e-03 2.998548e-01 6.293295e-02 1.412505e-04 3.563635e-03
186            4.123049e-01 1.596394e-03 2.875792e-01 3.493617e-01 1.449494e-03 2.841869e-01 6.294314e-02 1.468996e-04 3.392262e-03
187            4.112399e-01 8.049528e-04 2.820420e-01 3.482957e-01 6.615667e-04 2.787596e-01 6.294418e-02 1.433860e-04 3.282360e-03
188            4.117158e-01 -4.162614e-04 2.872657e-01 3.487792e-01 -5.491179e-04 2.840149e-01 6.293658e-02 1.328564e-04 3.250822e-03
189            4.134884e-01 -1.747417e-03 3.016456e-01 3.505657e-01 -1.866188e-03 2.983515e-01 6.292267e-02 1.187713e-04 3.294043e-03
190            4.159506e-01 -2.898623e-03 3.222590e-01 3.530450e-01 -3.001468e-03 3.188586e-01 6.290564e-02 1.028449e-04 3.400379e-03
191            4.185594e-01 -3.725125e-03 3.456096e-01 3.556737e-01 -3.810999e-03 3.420609e-01 6.288566e-02 8.587384e-05 3.548642e-03
192            4.210001e-01 -4.203788e-03 3.680277e-01 3.581375e-01 -4.274252e-03 3.643100e-01 6.286259e-02 7.046409e-05 3.717680e-03
193            4.229974e-01 -4.353660e-03 3.858656e-01 3.601582e-01 -4.412864e-03 3.819863e-01 6.283914e-02 5.920395e-05 3.879309e-03
194            4.241644e-01 -4.196549e-03 3.959839e-01 3.613442e-01 -4.248637e-03 3.919764e-01 6.282026e-02 5.208826e-05 4.007418e-03
195            4.241974e-01 -3.701658e-03 3.961891e-01 3.613865e-01 -3.752213e-03 3.921154e-01 6.281094e-02 5.055490e-05 4.073689e-03
196            4.231297e-01 -2.803516e-03 3.859215e-01 3.603127e-01 -2.858663e-03 3.818587e-01 6.281704e-02 5.514675e-05 4.062835e-03
197            4.211787e-01 -1.525583e-03 3.665407e-01 3.583380e-01 -1.591088e-03 3.625736e-01 6.284076e-02 6.550416e-05 3.967166e-03
198            4.183760e-01 -1.212852e-04 3.417394e-01 3.554987e-01 -2.009094e-04 3.379394e-01 6.287733e-02 7.962416e-05 3.799916e-03
199            4.150745e-01 1.001080e-03 3.165125e-01 3.521566e-01 9.066506e-04 3.129195e-01 6.291788e-02 9.442923e-05 3.592943e-03
200            4.118578e-01 1.430486e-03 2.960330e-01 3.489051e-01 1.325714e-03 2.926409e-01 6.295272e-02 1.047721e-04 3.392047e-03
201            4.094770e-01 1.045985e-03 2.841709e-01 3.465013e-01 9.377807e-04 2.809345e-01 6.297569e-02 1.082046e-04 3.236408e-03
202            4.085393e-01 4.547456e-05 2.826827e-01 3.455528e-01 -5.880875e-05 2.795294e-01 6.298651e-02 1.042833e-04 3.153332e-03
203            4.091194e-01 -1.262245e-03 2.911383e-01 3.461356e-01 -1.357707e-03 2.879900e-01 6.298383e-02 9.546199e-05 3.148286e-03
204            4.108849e-01 -2.548193e-03 3.074321e-01 3.479142e-01 -2.632800e-03 3.042147e-01 6.297076e-02 8.460692e-05 3.217419e-03
205            4.132432e-01 -3.579113e-03 3.284654e-01 3.502931e-01 -3.653287e-03 3.251215e-01 6.295014e-02 7.417436e-05 3.343888e-03
206            4.157828e-01 -4.260807e-03 3.507808e-01 3.528572e-01 -4.326543e-03 3.472709e-01 6.292567e-02 6.573662e-05 3.509975e-03
207            4.182341e-01 -4.591222e-03 3.708075e-01 3.553319e-01 -4.651171e-03 3.671169e-01 6.290222e-02 5.994886e-05 3.690577e-03
208            4.202046e-01 -4.594391e-03 3.851641e-01 3.573198e-01 -4.650473e-03 3.813061e-01 6.288486e-02 5.608131e-05 3.857939e-03
209            4.212934e-01 -4.271792e-03 3.911273e-01 3.584152e-01 -4.327553e-03 3.871450e-01 6.287827e-02 5.576095e-05 3.982266e-03
210            4.213321e-01 -3.591108e-03 3.872005e-01 3.584462e-01 -3.652249e-03 3.831594e-01 6.288587e-02 6.114052e-05 4.041096e-03
211            4.204141e-01 -2.498643e-03 3.735983e-01 3.575080e-01 -2.571765e-03 3.695785e-01 6.290613e-02 7.312282e-05 4.019805e-03
212            4.186957e-01 -1.098998e-03 3.526755e-01 3.557568e-01 -1.189572e-03 3.487550e-01 6.293885e-02 9.057372e-05 3.920465e-03
213            4.162587e-01 2.735061e-04 3.286739e-01 3.532809e-01 1.636487e-04 3.249115e-01 6.297785e-02 1.098574e-04 3.762359e-03
214            4.135745e-01 1.156710e-03 3.066518e-01 3.505629e-01 1.030449e-03 3.030668e-01 6.301160e-02 1.262604e-04 3.584966e-03
215            4.112685e-01 1.215304e-03 2.911509e-01 3.482344e-01 1.079470e-03 2.877223e-01 6.303404e-02 1.358338e-04 3.428646e-03
216            4.100507e-01 4.860855e-04 2.850185e-01 3.470102e-01 3.491651e-04 2.816899e-01 6.304053e-02 1.369204e-04 3.328595e-03
217            4.102652e-01 -7.522548e-04 2.889342e-01 3.472332e-01 -8.836296e-04 2.856354e-01 6.303202e-02 1.313747e-04 3.298897e-03
218            4.117908e-01 -2.156074e-03 3.016675e-01 3.487813e-01 -2.276791e-03 2.983259e-01 6.300952e-02 1.207173e-04 3.341567e-03
219            4.141528e-01 -3.408768e-03 3.206048e-01 3.511755e-01 -3.516944e-03 3.171597e-01 6.297722e-02 1.081760e-04 3.445079e-03
220            4.168290e-01 -4.346988e-03 3.425425e-01 3.538899e-01 -4.443273e-03 3.389486e-01 6.293913e-02 9.628458e-05 3.593925e-03
221            4.194932e-01 -4.929546e-03 3.639894e-01 3.565938e-01 -5.017847e-03 3.602243e-01 6.289937e-02 8.830142e-05 3.765105e-03
222            4.218489e-01 -5.165011e-03 3.814997e-01 3.589859e-01 -5.249111e-03 3.775661e-01 6.286299e-02 8.409978e-05 3.933671e-03
223            4.234763e-01 -5.062017e-03 3.920089e-01 3.606409e-01 -5.144665e-03 3.879394e-01 6.283541e-02 8.264781e-05 4.069514e-03
224            4.240647e-01 -4.603157e-03 3.933507e-01 3.612469e-01 -4.685752e-03 3.892024e-01 6.281778e-02 8.259562e-05 4.148319e-03
225            4.235950e-01 -3.723149e-03 3.848047e-01 3.607813e-01 -3.809334e-03 3.806535e-01 6.281372e-02 8.618457e-05 4.151209e-03
226            4.222236e-01 -2.436663e-03 3.675067e-01 3.593985e-01 -2.531902e-03 3.634334e-01 6.282503e-02 9.523910e-05 4.073296e-03
227            4.199951e-01 -9.531835e-04 3.447436e-01 3.571438e-01 -1.063152e-03 3.408203e-01 6.285124e-02 1.099684e-04 3.923275e-03
228            4.171784e-01 3.128432e-04 3.211853e-01 3.542913e-01 1.869498e-04 3.174524e-01 6.288707e-02 1.258933e-04 3.732912e-03
229            4.143078e-01 9.085465e-04 3.017080e-01 3.513820e-01 7.732693e-04 2.981679e-01 6.292580e-02 1.352772e-04 3.540130e-03
230            4.120455e-01 6.498594e-04 2.901196e-01 3.490901e-01 5.149894e-04 2.867338e-01 6.295539e-02 1.348700e-04 3.385764e-03
231            4.109258e-01 -2.992064e-04 2.881880e-01 3.479564e-01 -4.268313e-04 2.848943e-01 6.296938e-02 1.276249e-04 3.293659e-03
232            4.110974e-01 -1.617706e-03 2.956998e-01 3.481271e-01 -1.733065e-03 2.924271e-01 6.297031e-02 1.153593e-04 3.272616e-03
233            4.123155e-01 -2.947508e-03 3.107113e-01 3.493526e-01 -3.047126e-03 3.073938e-01 6.296297e-02 9.961808e-05 3.317437e-03
234            4.140682e-01 -4.031132e-03 3.303431e-01 3.511171e-01 -4.113091e-03 3.269254e-01 6.295112e-02 8.195951e-05 3.417672e-03
235            4.159723e-01 -4.758401e-03 3.512914e-01 3.530339e-01 -4.824169e-03 3.477372e-01 6.293842e-02 6.576780e-05 3.554170e-03
236            4.177592e-01 -5.129723e-03 3.701324e-01 3.548326e-01 -5.182163e-03 3.664274e-01 6.292662e-02 5.244014e-05 3.705013e-03
237            4.191038e-01 -5.149532e-03 3.835880e-01 3.561871e-01 -5.194121e-03 3.797450e-01 6.291668e-02 4.458911e-05 3.843015e-03
238            4.196518e-01 -4.808156e-03 3.890484e-01 3.567408e-01 -4.849382e-03 3.851049e-01 6.291096e-02 4.122564e-05 3.943514e-03
239            4.192699e-01 -4.062793e-03 3.850343e-01 3.563536e-01 -4.106023e-03 3.810510e-01 6.291635e-02 4.322929e-05 3.983256e-03
240            4.180723e-01 -2.880645e-03 3.717424e-01 3.551339e-01 -2.932833e-03 3.677921e-01 6.293841e-02 5.218766e-05 3.950259e-03
241            4.161667e-01 -1.369658e-03 3.513670e-01 3.531912e-01 -1.439100e-03 3.475238e-01 6.297552e-02 6.944218e-05 3.843201e-03
242            4.136162e-01 1.360724e-04 3.280109e-01 3.505960e-01 4.531040e-05 3.243276e-01 6.302021e-02 9.076204e-05 3.683384e-03
243            4.108876e-01 1.178781e-03 3.065492e-01 3.478248e-01 1.067358e-03 3.030438e-01 6.306278e-02 1.114230e-04 3.505411e-03
244            4.085660e-01 1.394286e-03 2.914124e-01 3.454720e-01 1.269967e-03 2.880612e-01 6.309398e-02 1.243190e-04 3.351139e-03
245            4.073306e-01 7.801111e-04 2.853631e-01 3.442197e-01 6.524875e-04 2.821120e-01 6.311089e-02 1.276236e-04 3.251089e-03
246            4.074861e-01 -4.149618e-04 2.891004e-01 3.443740e-01 -5.378866e-04 2.858787e-01 6.311214e-02 1.229248e-04 3.221724e-03
247            4.089300e-01 -1.825263e-03 3.014285e-01 3.458348e-01 -1.938892e-03 2.981655e-01 6.309518e-02 1.136293e-04 3.263025e-03
248            4.112434e-01 -3.109711e-03 3.198568e-01 3.481791e-01 -3.211051e-03 3.164894e-01 6.306428e-02 1.013401e-04 3.367387e-03
249            4.139078e-01 -4.067648e-03 3.412422e-01 3.508840e-01 -4.155337e-03 3.377255e-01 6.302380e-02 8.768937e-05 3.516732e-03
250            4.166105e-01 -4.658148e-03 3.622175e-01 3.536329e-01 -4.732983e-03 3.585249e-01 6.297759e-02 7.483443e-05 3.692643e-03
251            4.190615e-01 -4.890301e-03 3.793738e-01 3.561294e-01 -4.955619e-03 3.755067e-01 6.293210e-02 6.531860e-05 3.867094e-03
252            4.208400e-01 -4.775976e-03 3.897237e-01 3.579467e-01 -4.836241e-03 3.857097e-01 6.289321e-02 6.026560e-05 4.013995e-03
253            4.216667e-01 -4.281746e-03 3.911290e-01 3.587998e-01 -4.342836e-03 3.870223e-01 6.286686e-02 6.108945e-05 4.106690e-03
254            4.215107e-01 -3.339512e-03 3.828944e-01 3.586523e-01 -3.407485e-03 3.787670e-01 6.285836e-02 6.797351e-05 4.127349e-03
255            4.205120e-01 -1.974239e-03 3.661346e-01 3.576419e-01 -2.055877e-03 3.620680e-01 6.287007e-02 8.163876e-05 4.066609e-03
256            4.186900e-01 -4.239772e-04 3.441160e-01 3.557905e-01 -5.248121e-04 3.401803e-01 6.289950e-02 1.008349e-04 3.935658e-03
257            4.162976e-01 8.820622e-04 3.213876e-01 3.533571e-01 7.597858e-04 3.176264e-01 6.294048e-02 1.222764e-04 3.761260e-03
258            4.138690e-01 1.473665e-03 3.027482e-01 3.508863e-01 1.337580e-03 2.991637e-01 6.298278e-02 1.360842e-04 3.584536e-03
259            4.120575e-01 1.185864e-03 2.918717e-01 3.490435e-01 1.048715e-03 2.884316e-01 6.301395e-02 1.371485e-04 3.440071e-03
260            4.113652e-01 1.823960e-04 2.904939e-01 3.483386e-01 5.166176e-05 2.871391e-01 6.302657e-02 1.307343e-04 3.354883e-03
261            4.119188e-01 -1.215794e-03 2.983466e-01 3.488979e-01 -1.336376e-03 2.950092e-01 6.302086e-02 1.205827e-04 3.337384e-03
262            4.134612e-01 -2.651307e-03 3.135204e-01 3.504600e-01 -2.758179e-03 3.101345e-01 6.300116e-02 1.068717e-04 3.385969e-03
263            4.154967e-01 -3.839331e-03 3.331413e-01 3.525231e-01 -3.930913e-03 3.296551e-01 6.297364e-02 9.158114e-05 3.486266e-03
264            4.176201e-01 -4.649626e-03 3.539573e-01 3.546764e-01 -4.726409e-03 3.503350e-01 6.294375e-02 7.678242e-05 3.622356e-03
265            4.195368e-01 -5.067343e-03 3.725571e-01 3.566201e-01 -5.131699e-03 3.687884e-01 6.291666e-02 6.435575e-05 3.768674e-03
266            4.208953e-01 -5.104608e-03 3.857342e-01 3.580020e-01 -5.159304e-03 3.818334e-01 6.289332e-02 5.469530e-05 3.900743e-03
267            4.213292e-01 -4.760159e-03 3.908895e-01 3.584509e-01 -4.810928e-03 3.868991e-01 6.287831e-02 5.076821e-05 3.990388e-03
268            4.207406e-01 -3.991639e-03 3.866063e-01 3.578592e-01 -4.044858e-03 3.825873e-01 6.288144e-02 5.321904e-05 4.018970e-03
269            4.192547e-01 -2.759142e-03 3.730797e-01 3.563492e-01 -2.821957e-03 3.691068e-01 6.290543e-02 6.281565e-05 3.972901e-03
270            4.169967e-01 -1.186289e-03 3.525489e-01 3.540524e-01 -1.265382e-03 3.486947e-01 6.294427e-02 7.909370e-05 3.854151e-03
271            4.140822e-01 3.806346e-04 3.290853e-01 3.510908e-01 2.805533e-04 3.254038e-01 6.299133e-02 1.000813e-04 3.681499e-03
272            4.109991e-01 1.437945e-03 3.075241e-01 3.479647e-01 1.317225e-03 3.040308e-01 6.303435e-02 1.207207e-04 3.493328e-03
273            4.083920e-01 1.625659e-03 2.921955e-01 3.453265e-01 1.490880e-03 2.888670e-01 6.306548e-02 1.347789e-04 3.328544e-03
274            4.069320e-01 9.450928e-04 2.858825e-01 3.438484e-01 8.068677e-04 2.826619e-01 6.308360e-02 1.382251e-04 3.220571e-03
275            4.068886e-01 -3.362413e-04 2.892420e-01 3.437992e-01 -4.691828e-04 2.860595e-01 6.308940e-02 1.329416e-04 3.182523e-03
276            4.081627e-01 -1.853963e-03 3.011306e-01 3.450790e-01 -1.975529e-03 2.979120e-01 6.308368e-02 1.215658e-04 3.218664e-03
277            4.103129e-01 -3.260710e-03 3.190429e-01 3.472434e-01 -3.368742e-03 3.157263e-01 6.306958e-02 1.080327e-04 3.316613e-03
278            4.128237e-01 -4.343312e-03 3.399100e-01 3.497756e-01 -4.437376e-03 3.364486e-01 6.304811e-02 9.406368e-05 3.461401e-03
279            4.153688e-01 -5.027503e-03 3.603968e-01 3.523456e-01 -5.109120e-03 3.567656e-01 6.302320e-02 8.161733e-05 3.631242e-03
280            4.176164e-01 -5.309464e-03 3.771508e-01 3.546204e-01 -5.380947e-03 3.733496e-01 6.299598e-02 7.148372e-05 3.801147e-03
281            4.191818e-01 -5.203017e-03 3.871982e-01 3.562087e-01 -5.268132e-03 3.832547e-01 6.297310e-02 6.511485e-05 3.943488e-03
282            4.198022e-01 -4.690636e-03 3.884629e-01 3.568452e-01 -4.754856e-03 3.844292e-01 6.295699e-02 6.422049e-05 4.033693e-03
283            4.194735e-01 -3.699560e-03 3.802507e-01 3.565229e-01 -3.770803e-03 3.761985e-01 6.295061e-02 7.124317e-05 4.052244e-03
284            4.183681e-01 -2.254081e-03 3.637544e-01 3.554131e-01 -2.339816e-03 3.597599e-01 6.295508e-02 8.573414e-05 3.994436e-03
285            4.165058e-01 -5.920041e-04 3.421915e-01 3.535372e-01 -6.978227e-04 3.383233e-01 6.296860e-02 1.058186e-04 3.868207e-03
286            4.141719e-01 8.215366e-04 3.201078e-01 3.511883e-01 6.947362e-04 3.164024e-01 6.298360e-02 1.268004e-04 3.705394e-03
287            4.119352e-01 1.488258e-03 3.021581e-01 3.489411e-01 1.345289e-03 2.986147e-01 6.299404e-02 1.429691e-04 3.543425e-03
288            4.104512e-01 1.221056e-03 2.919399e-01 3.474562e-01 1.071830e-03 2.885194e-01 6.299505e-02 1.492256e-04 3.420425e-03
289            4.101930e-01 1.845340e-04 2.910779e-01 3.472055e-01 3.868342e-05 2.877204e-01 6.298747e-02 1.458506e-04 3.357559e-03
290            4.112266e-01 -1.277514e-03 2.993009e-01 3.482534e-01 -1.411460e-03 2.959381e-01 6.297316e-02 1.339458e-04 3.362761e-03
291            4.132567e-01 -2.788047e-03 3.146620e-01 3.503015e-01 -2.904649e-03 3.112328e-01 6.295526e-02 1.166025e-04 3.429185e-03
292            4.157840e-01 -4.065991e-03 3.343514e-01 3.528456e-01 -4.162709e-03 3.308068e-01 6.293836e-02 9.671829e-05 3.544553e-03
293            4.183663e-01 -4.972392e-03 3.551447e-01 3.554450e-01 -5.051790e-03 3.514565e-01 6.292131e-02 7.939787e-05 3.688205e-03
294            4.206941e-01 -5.482501e-03 3.737390e-01 3.577940e-01 -5.548128e-03 3.698989e-01 6.290011e-02 6.562661e-05 3.840107e-03
295            4.224144e-01 -5.588541e-03 3.869566e-01 3.595350e-01 -5.643844e-03 3.829824e-01 6.287936e-02 5.530300e-05 3.974169e-03
296            4.231679e-01 -5.285777e-03 3.922560e-01 3.603030e-01 -5.333564e-03 3.881895e-01 6.286496e-02 4.778614e-05 4.066534e-03
297            4.228519e-01 -4.518383e-03 3.882173e-01 3.599885e-01 -4.564119e-03 3.841219e-01 6.286340e-02 4.573604e-05 4.095365e-03
298            4.215742e-01 -3.251898e-03 3.750401e-01 3.586958e-01 -3.303935e-03 3.709899e-01 6.287843e-02 5.203688e-05 4.050163e-03
299            4.194527e-01 -1.607351e-03 3.549094e-01 3.565438e-01 -1.675220e-03 3.509815e-01 6.290883e-02 6.786875e-05 3.927973e-03
300            4.165630e-01 5.234765e-05 3.318553e-01 3.536205e-01 -3.596946e-05 3.281031e-01 6.294251e-02 8.831711e-05 3.752139e-03
301            4.133882e-01 1.214643e-03 3.105829e-01 3.504127e-01 1.107074e-03 3.070261e-01 6.297546e-02 1.075687e-04 3.556794e-03
302            4.105916e-01 1.487987e-03 2.953671e-01 3.475863e-01 1.368460e-03 2.919821e-01 6.300532e-02 1.195268e-04 3.385074e-03
303            4.088076e-01 8.631258e-04 2.888653e-01 3.457777e-01 7.410826e-04 2.855999e-01 6.302985e-02 1.220432e-04 3.265471e-03
304            4.083175e-01 -3.964666e-04 2.917577e-01 3.452755e-01 -5.128224e-04 2.885424e-01 6.304201e-02 1.163558e-04 3.215262e-03
305            4.090811e-01 -1.901792e-03 3.029255e-01 3.460377e-01 -2.007192e-03 2.996918e-01 6.304345e-02 1.053992e-04 3.233673e-03
306            4.107106e-01 -3.299665e-03 3.199764e-01 3.476778e-01 -3.390630e-03 3.166628e-01 6.303278e-02 9.096543e-05 3.313567e-03
307            4.127711e-01 -4.376849e-03 3.399018e-01 3.497579e-01 -4.452859e-03 3.364624e-01 6.301317e-02 7.601077e-05 3.439334e-03
308            4.149393e-01 -5.070088e-03 3.594816e-01 3.519498e-01 -5.133336e-03 3.558887e-01 6.298948e-02 6.324849e-05 3.592899e-03
309            4.168998e-01 -5.363917e-03 3.754179e-01 3.539317e-01 -5.418049e-03 3.716699e-01 6.296805e-02 5.413150e-05 3.747987e-03
310            4.182561e-01 -5.257117e-03 3.848549e-01 3.553022e-01 -5.306182e-03 3.809746e-01 6.295386e-02 4.906534e-05 3.880344e-03
311            4.187155e-01 -4.722033e-03 3.857336e-01 3.557650e-01 -4.771184e-03 3.817707e-01 6.295047e-02 4.915023e-05 3.962879e-03
312            4.182820e-01 -3.702203e-03 3.774100e-01 3.553226e-01 -3.757769e-03 3.734316e-01 6.295944e-02 5.556552e-05 3.978446e-03
313            4.171046e-01 -2.236533e-03 3.610193e-01 3.541225e-01 -2.306861e-03 3.571012e-01 6.298214e-02 7.032794e-05 3.918096e-03
314            4.151800e-01 -5.656485e-04 3.397496e-01 3.521668e-01 -6.578523e-04 3.359559e-01 6.301314e-02 9.220379e-05 3.793752e-03
315            4.127859e-01 8.647159e-04 3.180499e-01 3.497438e-01 7.476481e-04 3.144167e-01 6.304211e-02 1.170677e-04 3.633202e-03
316            4.104707e-01 1.559666e-03 3.004895e-01 3.474079e-01 1.422757e-03 2.970134e-01 6.306279e-02 1.369087e-04 3.476129e-03
317            4.089052e-01 1.319821e-03 2.905427e-01 3.458368e-01 1.173380e-03 2.871859e-01 6.306836e-02 1.464409e-04 3.356842e-03
318            4.085625e-01 2.825379e-04 2.898309e-01 3.455039e-01 1.372287e-04 2.865316e-01 6.305862e-02 1.453091e-04 3.299228e-03
319            4.095191e-01 -1.204615e-03 2.980445e-01 3.464851e-01 -1.341884e-03 2.947365e-01 6.303399e-02 1.372694e-04 3.308026e-03
320            4.115300e-01 -2.743824e-03 3.133397e-01 3.485325e-01 -2.868511e-03 3.099584e-01 6.299758e-02 1.246866e-04 3.381308e-03
321            4.141128e-01 -4.031983e-03 3.329365e-01 3.511584e-01 -4.141546e-03 3.294323e-01 6.295447e-02 1.095636e-04 3.504228e-03
322            4.168535e-01 -4.935070e-03 3.536974e-01 3.539437e-01 -5.028478e-03 3.500365e-01 6.290984e-02 9.340797e-05 3.660904e-03
323            4.194565e-01 -5.433375e-03 3.723253e-01 3.565869e-01 -5.511844e-03 3.684981e-01 6.286956e-02 7.846970e-05 3.827277e-03
324            4.215332e-01 -5.539621e-03 3.856878e-01 3.586931e-01 -5.606079e-03 3.817101e-01 6.284016e-02 6.645740e-05 3.977769e-03
325            4.227050e-01 -5.244062e-03 3.912536e-01 3.598769e-01 -5.303403e-03 3.871689e-01 6.282804e-02 5.934111e-05 4.084742e-03
326            4.228303e-01 -4.484665e-03 3.876395e-01 3.599932e-01 -4.542667e-03 3.835125e-01 6.283714e-02 5.800181e-05 4.127025e-03
327            4.219776e-01 -3.227237e-03 3.750280e-01 3.591138e-01 -3.292233e-03 3.709384e-01 6.286376e-02 6.499618e-05 4.089603e-03
328            4.202578e-01 -1.604835e-03 3.556222e-01 3.573593e-01 -1.684335e-03 3.516456e-01 6.289854e-02 7.949946e-05 3.976619e-03
329            4.177489e-01 2.261919e-05 3.333352e-01 3.548136e-01 -7.690809e-05 3.295271e-01 6.293530e-02 9.952728e-05 3.808106e-03
330            4.149148e-01 1.148785e-03 3.128204e-01 3.519474e-01 1.030395e-03 3.091984e-01 6.296740e-02 1.183902e-04 3.622052e-03
331            4.123953e-01 1.405252e-03 2.981977e-01 3.494047e-01 1.275991e-03 2.947421e-01 6.299060e-02 1.292612e-04 3.455570e-03
332            4.108055e-01 7.749971e-04 2.920773e-01 3.478017e-01 6.466891e-04 2.887370e-01 6.300384e-02 1.283080e-04 3.340244e-03
333            4.104313e-01 -4.873679e-04 2.950832e-01 3.474261e-01 -6.053324e-04 2.917957e-01 6.300522e-02 1.179645e-04 3.287497e-03
334            4.112054e-01 -2.011153e-03 3.061389e-01 3.482145e-01 -2.114599e-03 3.028379e-01 6.299088e-02 1.034462e-04 3.300969e-03
335            4.127680e-01 -3.428131e-03 3.228587e-01 3.497963e-01 -3.514843e-03 3.194872e-01 6.297172e-02 8.671277e-05 3.371522e-03
336            4.146791e-01 -4.516370e-03 3.423299e-01 3.517276e-01 -4.585531e-03 3.388426e-01 6.295147e-02 6.916163e-05 3.487332e-03
337            4.165973e-01 -5.194453e-03 3.613317e-01 3.536660e-01 -5.246991e-03 3.577047e-01 6.293132e-02 5.253807e-05 3.627084e-03
338            4.182392e-01 -5.460255e-03 3.766512e-01 3.553261e-01 -5.498836e-03 3.728823e-01 6.291314e-02 3.858025e-05 3.768900e-03
339            4.192393e-01 -5.320750e-03 3.854569e-01 3.563380e-01 -5.351386e-03 3.815719e-01 6.290129e-02 3.063642e-05 3.885026e-03
340            4.193482e-01 -4.752875e-03 3.857944e-01 3.564503e-01 -4.782798e-03 3.818415e-01 6.289785e-02 2.992301e-05 3.952855e-03
341            4.186127e-01 -3.689331e-03 3.770672e-01 3.557056e-01 -3.726444e-03 3.731129e-01 6.290702e-02 3.711287e-05 3.954337e-03
342            4.171799e-01 -2.163307e-03 3.604587e-01 3.542505e-01 -2.215393e-03 3.565740e-01 6.292944e-02 5.208547e-05 3.884780e-03
343            4.150845e-01 -4.275292e-04 3.391154e-01 3.521223e-01 -5.018724e-04 3.353615e-01 6.296221e-02 7.434324e-05 3.753897e-03
344            4.125915e-01 1.044462e-03 3.174513e-01 3.495938e-01 9.457864e-04 3.138598e-01 6.299770e-02 9.867551e-05 3.591493e-03
345            4.102144e-01 1.758292e-03 2.999329e-01 3.471870e-01 1.638460e-03 2.965001e-01 6.302733e-02 1.198318e-04 3.432779e-03
346            4.086188e-01 1.516612e-03 2.900085e-01 3.455739e-01 1.385356e-03 2.866942e-01 6.304488e-02 1.312562e-04 3.314351e-03
347            4.082155e-01 4.732908e-04 2.892163e-01 3.451669e-01 3.412299e-04 2.859616e-01 6.304870e-02 1.320609e-04 3.254782e-03
348            4.090882e-01 -1.036788e-03 2.972663e-01 3.460515e-01 -1.161054e-03 2.940031e-01 6.303669e-02 1.242655e-04 3.263201e-03
349            4.109996e-01 -2.623555e-03 3.122967e-01 3.479885e-01 -2.735691e-03 3.089632e-01 6.301106e-02 1.121361e-04 3.333574e-03
350            4.134739e-01 -3.982806e-03 3.315829e-01 3.504990e-01 -4.081137e-03 3.281285e-01 6.297488e-02 9.833189e-05 3.454396e-03
351            4.161258e-01 -4.955812e-03 3.520223e-01 3.531946e-01 -5.041538e-03 3.484143e-01 6.293124e-02 8.572671e-05 3.608002e-03
352            4.186548e-01 -5.498099e-03 3.703830e-01 3.557698e-01 -5.573211e-03 3.666098e-01 6.288499e-02 7.511268e-05 3.773192e-03
353            4.207007e-01 -5.618945e-03 3.835460e-01 3.578574e-01 -5.686615e-03 3.796234e-01 6.284326e-02 6.767005e-05 3.922666e-03
354            4.219250e-01 -5.321055e-03 3.890568e-01 3.591141e-01 -5.385849e-03 3.850245e-01 6.281089e-02 6.479437e-05 4.032335e-03
355            4.221967e-01 -4.551514e-03 3.855301e-01 3.594029e-01 -4.620565e-03 3.814512e-01 6.279388e-02 6.905157e-05 4.078826e-03
356            4.215967e-01 -3.283531e-03 3.732102e-01 3.588009e-01 -3.364573e-03 3.691584e-01 6.279577e-02 8.104221e-05 4.051815e-03
357            4.201917e-01 -1.636066e-03 3.542524e-01 3.573755e-01 -1.735960e-03 3.503016e-01 6.281621e-02 9.989349e-05 3.950760e-03
358            4.180199e-01 2.010495e-05 3.325429e-01 3.551682e-01 -1.011319e-04 3.287458e-01 6.285169e-02 1.212368e-04 3.797179e-03
359            4.155179e-01 1.160547e-03 3.126265e-01 3.526247e-01 1.021929e-03 3.090033e-01 6.289328e-02 1.386181e-04 3.623226e-03
360            4.132954e-01 1.399657e-03 2.985565e-01 3.503654e-01 1.254910e-03 2.950894e-01 6.292995e-02 1.447470e-04 3.467088e-03
361            4.119377e-01 7.378682e-04 2.928802e-01 3.489847e-01 5.957979e-04 2.895242e-01 6.295296e-02 1.420703e-04 3.356051e-03
362            4.117047e-01 -5.656088e-04 2.962343e-01 3.487457e-01 -6.982918e-04 2.929269e-01 6.295899e-02 1.326831e-04 3.307431e-03
363            4.125324e-01 -2.134139e-03 3.074816e-01 3.495814e-01 -2.252002e-03 3.041596e-01 6.295099e-02 1.178623e-04 3.322001e-03
364            4.140879e-01 -3.610036e-03 3.242838e-01 3.511556e-01 -3.709387e-03 3.208904e-01 6.293227e-02 9.935163e-05 3.393473e-03
365            4.159697e-01 -4.769496e-03 3.437060e-01 3.530624e-01 -4.849541e-03 3.402001e-01 6.290731e-02 8.004486e-05 3.505985e-03
366            4.178568e-01 -5.524948e-03 3.625940e-01 3.549777e-01 -5.587551e-03 3.589514e-01 6.287911e-02 6.260325e-05 3.642563e-03
367            4.194572e-01 -5.854033e-03 3.777453e-01 3.566030e-01 -5.902863e-03 3.739666e-01 6.285427e-02 4.883046e-05 3.778663e-03
368            4.203798e-01 -5.755103e-03 3.863713e-01 3.575419e-01 -5.794440e-03 3.824815e-01 6.283796e-02 3.933644e-05 3.889815e-03
369            4.203988e-01 -5.201531e-03 3.865236e-01 3.575657e-01 -5.237393e-03 3.825720e-01 6.283315e-02 3.586159e-05 3.951630e-03
370            4.195626e-01 -4.140414e-03 3.776442e-01 3.567207e-01 -4.180946e-03 3.736951e-01 6.284186e-02 4.053185e-05 3.949117e-03
371            4.180213e-01 -2.605129e-03 3.609173e-01 3.551576e-01 -2.659687e-03 3.570430e-01 6.286374e-02 5.455862e-05 3.874381e-03
372            4.158200e-01 -8.455415e-04 3.395315e-01 3.529227e-01 -9.216356e-04 3.357912e-01 6.289730e-02 7.609416e-05 3.740266e-03
373            4.132122e-01 6.772644e-04 3.178521e-01 3.502768e-01 5.765405e-04 3.142788e-01 6.293536e-02 1.007239e-04 3.573331e-03
374            4.107355e-01 1.452104e-03 3.003386e-01 3.477662e-01 1.331033e-03 2.969246e-01 6.296933e-02 1.210705e-04 3.413995e-03
375            4.090592e-01 1.277734e-03 2.903546e-01 3.460654e-01 1.145386e-03 2.870608e-01 6.299379e-02 1.323471e-04 3.293804e-03
376            4.085712e-01 2.895901e-04 2.894429e-01 3.455650e-01 1.556033e-04 2.862070e-01 6.300617e-02 1.339867e-04 3.235954e-03
377            4.093601e-01 -1.165785e-03 2.972765e-01 3.463538e-01 -1.294292e-03 2.940314e-01 6.300632e-02 1.285075e-04 3.245036e-03
378            4.111639e-01 -2.690982e-03 3.120323e-01 3.481675e-01 -2.808383e-03 3.087151e-01 6.299644e-02 1.174010e-04 3.317188e-03
379            4.135187e-01 -3.989953e-03 3.309778e-01 3.505400e-01 -4.093145e-03 3.275392e-01 6.297870e-02 1.031915e-04 3.438559e-03
380            4.160413e-01 -4.919694e-03 3.510528e-01 3.530871e-01 -5.008231e-03 3.474588e-01 6.295421e-02 8.853705e-05 3.594035e-03
381            4.184169e-01 -5.437929e-03 3.690125e-01 3.554898e-01 -5.514811e-03 3.652528e-01 6.292710e-02 7.688233e-05 3.759706e-03
382            4.203003e-01 -5.540104e-03 3.818122e-01 3.573987e-01 -5.608481e-03 3.779003e-01 6.290167e-02 6.837740e-05 3.911979e-03
383            4.213539e-01 -5.211428e-03 3.870119e-01 3.584711e-01 -5.275626e-03 3.829893e-01 6.288281e-02 6.419781e-05 4.022599e-03
384            4.214755e-01 -4.401458e-03 3.833009e-01 3.586015e-01 -4.466775e-03 3.792285e-01 6.287400e-02 6.531715e-05 4.072339e-03
385            4.207708e-01 -3.087066e-03 3.709223e-01 3.578919e-01 -3.161149e-03 3.668744e-01 6.287893e-02 7.408312e-05 4.047915e-03
386            4.193134e-01 -1.404942e-03 3.520903e-01 3.564169e-01 -1.495963e-03 3.481375e-01 6.289647e-02 9.102014e-05 3.952825e-03
387            4.171831e-01 2.698002e-04 3.306727e-01 3.542626e-01 1.552291e-04 3.268666e-01 6.292053e-02 1.145711e-04 3.806043e-03
388            4.148224e-01 1.403343e-03 3.112238e-01 3.518794e-01 1.264340e-03 3.075806e-01 6.294295e-02 1.390034e-04 3.643233e-03
389            4.128528e-01 1.611509e-03 2.977053e-01 3.498945e-01 1.453459e-03 2.942058e-01 6.295834e-02 1.580508e-04 3.499493e-03
390            4.118406e-01 8.793338e-04 2.925961e-01 3.488757e-01 7.106380e-04 2.891910e-01 6.296491e-02 1.686959e-04 3.405025e-03
391            4.120023e-01 -5.232946e-04 2.964243e-01 3.490394e-01 -6.949508e-04 2.930535e-01 6.296285e-02 1.716562e-04 3.370793e-03
392            4.132500e-01 -2.212649e-03 3.080557e-01 3.502998e-01 -2.378707e-03 3.046562e-01 6.295018e-02 1.660575e-04 3.399540e-03
393            4.152065e-01 -3.820339e-03 3.251140e-01 3.522790e-01 -3.972424e-03 3.216329e-01 6.292749e-02 1.520855e-04 3.481074e-03
394            4.174416e-01 -5.103596e-03 3.447084e-01 3.545443e-01 -5.236496e-03 3.411059e-01 6.289732e-02 1.329009e-04 3.602507e-03
395            4.196211e-01 -5.963786e-03 3.636739e-01 3.567566e-01 -6.078176e-03 3.599302e-01 6.286445e-02 1.143897e-04 3.743620e-03
396            4.214244e-01 -6.375153e-03 3.788535e-01 3.585886e-01 -6.473905e-03 3.749710e-01 6.283581e-02 9.875180e-05 3.882460e-03
397            4.224740e-01 -6.337078e-03 3.874505e-01 3.596566e-01 -6.424061e-03 3.834584e-01 6.281735e-02 8.698358e-05 3.992104e-03
398            4.225423e-01 -5.822299e-03 3.875733e-01 3.597301e-01 -5.902116e-03 3.835227e-01 6.281221e-02 7.981685e-05 4.050662e-03
399            4.216559e-01 -4.770616e-03 3.786622e-01 3.588359e-01 -4.851046e-03 3.746229e-01 6.281996e-02 8.042992e-05 4.039242e-03
400            4.199660e-01 -3.225557e-03 3.619717e-01 3.571261e-01 -3.314965e-03 3.580174e-01 6.283990e-02 8.940822e-05 3.954209e-03
401            4.175174e-01 -1.446127e-03 3.406514e-01 3.546422e-01 -1.551552e-03 3.368448e-01 6.287522e-02 1.054244e-04 3.806617e-03
402            4.145900e-01 9.889960e-05 3.190796e-01 3.516717e-01 -2.502071e-05 3.154514e-01 6.291833e-02 1.239203e-04 3.628190e-03
403            4.117370e-01 9.056376e-04 3.016344e-01 3.487783e-01 7.679679e-04 2.981802e-01 6.295874e-02 1.376697e-04 3.454177e-03
404            4.096342e-01 7.708010e-04 2.916616e-01 3.466445e-01 6.295814e-04 2.883414e-01 6.298975e-02 1.412196e-04 3.320195e-03
405            4.086992e-01 -1.707310e-04 2.906436e-01 3.456913e-01 -3.057874e-04 2.873982e-01 6.300792e-02 1.350563e-04 3.245323e-03
406            4.090250e-01 -1.584234e-03 2.982574e-01 3.460140e-01 -1.706431e-03 2.950186e-01 6.301106e-02 1.221976e-04 3.238792e-03
407            4.103865e-01 -3.072933e-03 3.126618e-01 3.473837e-01 -3.178990e-03 3.093670e-01 6.300286e-02 1.060565e-04 3.294809e-03
408            4.123570e-01 -4.337490e-03 3.311943e-01 3.493704e-01 -4.426086e-03 3.277924e-01 6.298667e-02 8.859619e-05 3.401908e-03
409            4.145422e-01 -5.233707e-03 3.507959e-01 3.515735e-01 -5.305476e-03 3.472523e-01 6.296866e-02 7.176878e-05 3.543607e-03
410            4.166300e-01 -5.719982e-03 3.682796e-01 3.536776e-01 -5.776963e-03 3.645797e-01 6.295236e-02 5.698133e-05 3.699983e-03
411            4.182362e-01 -5.791904e-03 3.805890e-01 3.552932e-01 -5.839149e-03 3.767460e-01 6.294305e-02 4.724562e-05 3.842985e-03
412            4.190101e-01 -5.430313e-03 3.853414e-01 3.560675e-01 -5.473994e-03 3.813931e-01 6.294266e-02 4.368083e-05 3.948287e-03
413            4.188696e-01 -4.568159e-03 3.812523e-01 3.559180e-01 -4.615447e-03 3.772592e-01 6.295159e-02 4.728826e-05 3.993135e-03
414            4.179171e-01 -3.191429e-03 3.686283e-01 3.549447e-01 -3.249877e-03 3.646605e-01 6.297240e-02 5.844794e-05 3.967802e-03
415            4.162569e-01 -1.446297e-03 3.497000e-01 3.532550e-01 -1.523378e-03 3.458272e-01 6.300188e-02 7.708046e-05 3.872793e-03
416            4.139637e-01 2.854036e-04 3.283760e-01 3.509303e-01 1.847994e-04 3.246453e-01 6.303335e-02 1.006042e-04 3.730659e-03
417            4.114956e-01 1.484064e-03 3.091479e-01 3.484374e-01 1.360124e-03 3.055739e-01 6.305819e-02 1.239400e-04 3.573962e-03
418            4.095062e-01 1.778903e-03 2.959789e-01 3.464361e-01 1.639862e-03 2.925376e-01 6.307015e-02 1.390405e-04 3.441346e-03
419            4.085558e-01 1.158034e-03 2.912607e-01 3.454890e-01 1.015118e-03 2.879020e-01 6.306681e-02 1.429163e-04 3.358693e-03
420            4.088927e-01 -1.232271e-04 2.955126e-01 3.458446e-01 -2.602388e-04 2.921711e-01 6.304809e-02 1.370117e-04 3.341473e-03
421            4.104246e-01 -1.685826e-03 3.075381e-01 3.474082e-01 -1.811640e-03 3.041502e-01 6.301638e-02 1.258137e-04 3.387855e-03
422            4.127600e-01 -3.165357e-03 3.249691e-01 3.497860e-01 -3.277345e-03 3.214791e-01 6.297395e-02 1.119882e-04 3.489970e-03
423            4.154707e-01 -4.323735e-03 3.448844e-01 3.525446e-01 -4.421990e-03 3.412536e-01 6.292607e-02 9.825494e-05 3.630765e-03
424            4.182015e-01 -5.082462e-03 3.641388e-01 3.553228e-01 -5.168709e-03 3.603473e-01 6.287872e-02 8.624731e-05 3.791504e-03
425            4.206146e-01 -5.428960e-03 3.795452e-01 3.577746e-01 -5.506575e-03 3.755993e-01 6.283997e-02 7.761493e-05 3.945880e-03
426            4.222897e-01 -5.369355e-03 3.883509e-01 3.594736e-01 -5.442189e-03 3.842821e-01 6.281613e-02 7.283355e-05 4.068812e-03
427            4.229575e-01 -4.860182e-03 3.886445e-01 3.601485e-01 -4.929979e-03 3.845097e-01 6.280897e-02 6.979762e-05 4.134782e-03
428            4.226150e-01 -3.823492e-03 3.799503e-01 3.597962e-01 -3.890658e-03 3.758199e-01 6.281875e-02 6.716625e-05 4.130423e-03
429            4.213819e-01 -2.290471e-03 3.635021e-01 3.585357e-01 -2.360120e-03 3.594532e-01 6.284621e-02 6.964888e-05 4.048933e-03
430            4.192607e-01 -5.234669e-04 3.425169e-01 3.563746e-01 -6.064303e-04 3.386131e-01 6.288613e-02 8.296341e-05 3.903792e-03
431            4.165215e-01 9.857828e-04 3.213184e-01 3.535902e-01 8.802039e-04 3.175963e-01 6.293121e-02 1.055789e-04 3.722038e-03
432            4.137114e-01 1.720641e-03 3.042536e-01 3.507397e-01 1.595352e-03 3.007092e-01 6.297166e-02 1.252886e-04 3.544355e-03
433            4.115072e-01 1.491344e-03 2.945616e-01 3.485084e-01 1.356982e-03 2.911582e-01 6.299876e-02 1.343619e-04 3.403464e-03
434            4.103242e-01 4.496144e-04 2.936790e-01 3.473159e-01 3.183401e-04 2.903575e-01 6.300835e-02 1.312743e-04 3.321547e-03
435            4.103027e-01 -1.050663e-03 3.012300e-01 3.472991e-01 -1.171350e-03 2.979290e-01 6.300362e-02 1.206869e-04 3.300999e-03
436            4.112552e-01 -2.616004e-03 3.153865e-01 3.482660e-01 -2.721162e-03 3.120463e-01 6.298920e-02 1.051580e-04 3.340154e-03
437            4.127653e-01 -3.946245e-03 3.334621e-01 3.497965e-01 -4.035082e-03 3.300347e-01 6.296886e-02 8.883720e-05 3.427419e-03
438            4.144872e-01 -4.902534e-03 3.524718e-01 3.515362e-01 -4.975470e-03 3.489220e-01 6.295099e-02 7.293615e-05 3.549845e-03
439            4.161370e-01 -5.435122e-03 3.692396e-01 3.532003e-01 -5.495072e-03 3.655560e-01 6.293676e-02 5.994962e-05 3.683694e-03
440            4.173707e-01 -5.549332e-03 3.808043e-01 3.544443e-01 -5.599871e-03 3.769985e-01 6.292637e-02 5.053953e-05 3.805825e-03
441            4.178814e-01 -5.228102e-03 3.848295e-01 3.549601e-01 -5.274548e-03 3.809384e-01 6.292128e-02 4.644556e-05 3.891115e-03
442            4.175865e-01 -4.413348e-03 3.801233e-01 3.546622e-01 -4.463595e-03 3.762014e-01 6.292435e-02 5.024645e-05 3.921906e-03
443            4.165875e-01 -3.078482e-03 3.670525e-01 3.536468e-01 -3.140933e-03 3.631679e-01 6.294068e-02 6.245114e-05 3.884598e-03
444            4.149488e-01 -1.367627e-03 3.479111e-01 3.519793e-01 -1.449344e-03 3.441282e-01 6.296942e-02 8.171696e-05 3.782880e-03
445            4.127285e-01 3.319190e-04 3.265714e-01 3.497253e-01 2.262639e-04 3.229356e-01 6.300320e-02 1.056551e-04 3.635830e-03
446            4.103735e-01 1.483296e-03 3.075100e-01 3.473405e-01 1.354821e-03 3.040309e-01 6.303299e-02 1.284746e-04 3.479098e-03
447            4.084947e-01 1.715452e-03 2.945520e-01 3.454419e-01 1.571593e-03 2.912055e-01 6.305287e-02 1.438581e-04 3.346507e-03
448            4.076345e-01 1.028702e-03 2.900518e-01 3.445760e-01 8.803325e-04 2.867853e-01 6.305850e-02 1.483694e-04 3.266462e-03
449            4.080121e-01 -2.923228e-04 2.944336e-01 3.449621e-01 -4.357348e-04 2.911845e-01 6.305007e-02 1.434121e-04 3.249065e-03
450            4.095160e-01 -1.865968e-03 3.065017e-01 3.464879e-01 -1.997284e-03 3.032060e-01 6.302809e-02 1.313167e-04 3.295753e-03
451            4.117825e-01 -3.337242e-03 3.238803e-01 3.487874e-01 -3.452350e-03 3.204841e-01 6.299514e-02 1.151075e-04 3.396194e-03
452            4.143771e-01 -4.493434e-03 3.436895e-01 3.514222e-01 -4.591002e-03 3.401528e-01 6.295487e-02 9.756766e-05 3.536725e-03
453            4.169667e-01 -5.243219e-03 3.627921e-01 3.540549e-01 -5.325257e-03 3.590949e-01 6.291181e-02 8.203765e-05 3.697205e-03
454            4.192483e-01 -5.564334e-03 3.780764e-01 3.563768e-01 -5.633643e-03 3.742210e-01 6.287153e-02 6.930917e-05 3.855384e-03
455            4.208294e-01 -5.456794e-03 3.868046e-01 3.579888e-01 -5.517267e-03 3.828213e-01 6.284058e-02 6.047358e-05 3.983268e-03
456            4.214947e-01 -4.896906e-03 3.871544e-01 3.586714e-01 -4.953146e-03 3.830949e-01 6.282335e-02 5.624054e-05 4.059517e-03
457            4.212561e-01 -3.830607e-03 3.786250e-01 3.584314e-01 -3.890061e-03 3.745591e-01 6.282468e-02 5.945462e-05 4.065952e-03
458            4.202151e-01 -2.308896e-03 3.625031e-01 3.573690e-01 -2.380011e-03 3.585044e-01 6.284608e-02 7.111498e-05 3.998704e-03
459            4.183861e-01 -5.903021e-04 3.419640e-01 3.555010e-01 -6.807174e-04 3.380956e-01 6.288510e-02 9.041525e-05 3.868335e-03
460            4.160197e-01 8.452758e-04 3.213066e-01 3.530884e-01 7.332080e-04 3.176037e-01 6.293130e-02 1.120678e-04 3.702889e-03
461            4.136503e-01 1.507292e-03 3.048126e-01 3.506806e-01 1.378556e-03 3.012747e-01 6.296974e-02 1.287354e-04 3.537848e-03
462            4.119365e-01 1.211471e-03 2.956861e-01 3.489451e-01 1.076223e-03 2.922767e-01 6.299145e-02 1.352478e-04 3.409444e-03
463            4.112538e-01 1.196548e-04 2.952790e-01 3.482561e-01 -1.246536e-05 2.919420e-01 6.299774e-02 1.321202e-04 3.336978e-03
464            4.117031e-01 -1.413373e-03 3.032238e-01 3.487142e-01 -1.534216e-03 2.998946e-01 6.298892e-02 1.208432e-04 3.329260e-03
465            4.130503e-01 -2.987467e-03 3.176411e-01 3.500809e-01 -3.091489e-03 3.142613e-01 6.296942e-02 1.040223e-04 3.379833e-03
466            4.148868e-01 -4.316914e-03 3.358540e-01 3.519439e-01 -4.401096e-03 3.323767e-01 6.294293e-02 8.418116e-05 3.477311e-03
467            4.168540e-01 -5.258017e-03 3.548439e-01 3.539423e-01 -5.323807e-03 3.512406e-01 6.291164e-02 6.578971e-05 3.603351e-03
468            4.186404e-01 -5.764959e-03 3.714608e-01 3.557578e-01 -5.815380e-03 3.677224e-01 6.288261e-02 5.042107e-05 3.738425e-03
469            4.199024e-01 -5.832355e-03 3.827595e-01 3.570406e-01 -5.872273e-03 3.789011e-01 6.286174e-02 3.991724e-05 3.858398e-03
470            4.203218e-01 -5.446850e-03 3.864658e-01 3.574699e-01 -5.481135e-03 3.825259e-01 6.285198e-02 3.428507e-05 3.939888e-03
471            4.198386e-01 -4.560922e-03 3.813933e-01 3.569833e-01 -4.596228e-03 3.774313e-01 6.285524e-02 3.530639e-05 3.962001e-03
472            4.185959e-01 -3.170382e-03 3.679745e-01 3.557232e-01 -3.214909e-03 3.640582e-01 6.287270e-02 4.452740e-05 3.916297e-03
473            4.166750e-01 -1.428810e-03 3.485077e-01 3.537725e-01 -1.491737e-03 3.447037e-01 6.290249e-02 6.292748e-05 3.804005e-03
474            4.141860e-01 2.800506e-04 3.269344e-01 3.512490e-01 1.927672e-04 3.232853e-01 6.293703e-02 8.728343e-05 3.649132e-03
475            4.115965e-01 1.441300e-03 3.077038e-01 3.486271e-01 1.330967e-03 3.042202e-01 6.296941e-02 1.103332e-04 3.483581e-03
476            4.095250e-01 1.679556e-03 2.946541e-01 3.465328e-01 1.554658e-03 2.913088e-01 6.299222e-02 1.248977e-04 3.345257e-03
477            4.085219e-01 9.892474e-04 2.900665e-01 3.455176e-01 8.604200e-04 2.868075e-01 6.300425e-02 1.288274e-04 3.258934e-03
478            4.087689e-01 -3.647161e-04 2.943506e-01 3.457643e-01 -4.884824e-04 2.911129e-01 6.300459e-02 1.237662e-04 3.237738e-03
479            4.101497e-01 -1.979938e-03 3.062612e-01 3.471567e-01 -2.093151e-03 3.029804e-01 6.299308e-02 1.132129e-04 3.280791e-03
480            4.122895e-01 -3.489050e-03 3.234375e-01 3.493175e-01 -3.587969e-03 3.200579e-01 6.297208e-02 9.891907e-05 3.379653e-03
481            4.147485e-01 -4.666348e-03 3.429704e-01 3.518040e-01 -4.748925e-03 3.394531e-01 6.294450e-02 8.257637e-05 3.517279e-03
482            4.172089e-01 -5.431392e-03 3.617631e-01 3.542959e-01 -5.498516e-03 3.580870e-01 6.291298e-02 6.712403e-05 3.676138e-03
483            4.193478e-01 -5.769151e-03 3.766767e-01 3.564653e-01 -5.824662e-03 3.728466e-01 6.288252e-02 5.551132e-05 3.830115e-03
484            4.207806e-01 -5.671832e-03 3.850306e-01 3.579233e-01 -5.720889e-03 3.810756e-01 6.285729e-02 4.905729e-05 3.955009e-03
485            4.213153e-01 -5.095378e-03 3.850240e-01 3.584745e-01 -5.144438e-03 3.809970e-01 6.284083e-02 4.905939e-05 4.026969e-03
486            4.209773e-01 -3.984227e-03 3.762400e-01 3.581404e-01 -4.039975e-03 3.722086e-01 6.283696e-02 5.574792e-05 4.031356e-03
487            4.199024e-01 -2.402433e-03 3.600210e-01 3.570565e-01 -2.472860e-03 3.560582e-01 6.284582e-02 7.042727e-05 3.962796e-03
488            4.181103e-01 -6.391914e-04 3.396180e-01 3.552458e-01 -7.310149e-04 3.357821e-01 6.286447e-02 9.182345e-05 3.835895e-03
489            4.158799e-01 8.263703e-04 3.193146e-01 3.529936e-01 7.104059e-04 3.156373e-01 6.288631e-02 1.159644e-04 3.677290e-03
490            4.137582e-01 1.505715e-03 3.033841e-01 3.508531e-01 1.371462e-03 2.998585e-01 6.290513e-02 1.342534e-04 3.525533e-03
491            4.123686e-01 1.236337e-03 2.949084e-01 3.494502e-01 1.094853e-03 2.914982e-01 6.291836e-02 1.414836e-04 3.410195e-03
492            4.120460e-01 1.733037e-04 2.951696e-01 3.491219e-01 3.727608e-05 2.918175e-01 6.292404e-02 1.360276e-04 3.352061e-03
493            4.128498e-01 -1.337610e-03 3.036761e-01 3.499292e-01 -1.458451e-03 3.003214e-01 6.292062e-02 1.208416e-04 3.354658e-03
494            4.144974e-01 -2.900115e-03 3.185239e-01 3.515906e-01 -3.000611e-03 3.151100e-01 6.290683e-02 1.004955e-04 3.413977e-03
495            4.165684e-01 -4.224600e-03 3.370280e-01 3.536835e-01 -4.303711e-03 3.335118e-01 6.288488e-02 7.911128e-05 3.516252e-03
496            4.186856e-01 -5.166239e-03 3.561785e-01 3.558269e-01 -5.225307e-03 3.525314e-01 6.285874e-02 5.906889e-05 3.647099e-03
497            4.205537e-01 -5.677100e-03 3.728079e-01 3.577203e-01 -5.719464e-03 3.690235e-01 6.283341e-02 4.236364e-05 3.784400e-03
498            4.218357e-01 -5.756954e-03 3.840042e-01 3.590232e-01 -5.786784e-03 3.800989e-01 6.281253e-02 2.983027e-05 3.905251e-03
499            4.222366e-01 -5.388158e-03 3.874906e-01 3.594355e-01 -5.411188e-03 3.835071e-01 6.280113e-02 2.303001e-05 3.983570e-03
500            4.217117e-01 -4.509200e-03 3.821755e-01 3.589088e-01 -4.532748e-03 3.781736e-01 6.280292e-02 2.354877e-05 4.001920e-03
