# Force       
# CofR        : (-1.000000e+01 0.000000e+00 0.000000e+00)
#
# Time        	total_x total_y total_z	pressure_x pressure_y pressure_z	viscous_x viscous_y viscous_z
1              1.234425e+02 4.177225e-03 1.656589e+01 1.232606e+02 4.175534e-03 1.656705e+01 1.818722e-01 1.691565e-06 -1.153306e-03
2              2.888723e+01 4.554403e-02 5.243000e+00 3.421867e+01 4.523226e-02 5.271141e+00 -5.331442e+00 3.117716e-04 -2.814066e-02
3              1.354324e+02 2.848324e-01 1.963850e+00 1.366051e+02 2.838800e-01 2.035745e+00 -1.172755e+00 9.524380e-04 -7.189504e-02
4              8.977985e+00 4.461712e-01 -1.379467e+01 9.322235e+00 4.470476e-01 -1.378523e+01 -3.442499e-01 -8.764006e-04 -9.442373e-03
5              -5.745953e+00 2.701560e-01 -2.335169e+00 -5.634045e+00 2.705018e-01 -2.364307e+00 -1.119085e-01 -3.457438e-04 2.913738e-02
6              1.127447e+00 2.413419e-01 8.656822e+00 1.119664e+00 2.393802e-01 8.613394e+00 7.782273e-03 1.961675e-03 4.342809e-02
7              5.236557e+00 2.186934e-01 1.255961e+01 5.107886e+00 2.166157e-01 1.248726e+01 1.286714e-01 2.077672e-03 7.234629e-02
8              5.456928e+00 2.154096e-01 9.686744e+00 5.268000e+00 2.122928e-01 9.587520e+00 1.889285e-01 3.116839e-03 9.922412e-02
9              3.277304e+00 1.946068e-01 5.378233e+00 3.055415e+00 1.899266e-01 5.277122e+00 2.218892e-01 4.680193e-03 1.011113e-01
10             7.223277e-01 1.204254e-01 2.995228e-01 5.256063e-01 1.143601e-01 2.150904e-01 1.967214e-01 6.065241e-03 8.443237e-02
11             -6.113994e-01 1.147933e-03 -3.835821e+00 -7.980545e-01 -4.502069e-03 -3.891772e+00 1.866551e-01 5.650001e-03 5.595088e-02
12             -1.137168e+00 -1.162393e-01 -6.370836e+00 -1.300889e+00 -1.221909e-01 -6.401646e+00 1.637211e-01 5.951587e-03 3.081006e-02
13             -9.781524e-01 -2.379422e-01 -7.396968e+00 -1.128937e+00 -2.427127e-01 -7.409334e+00 1.507844e-01 4.770577e-03 1.236695e-02
14             -8.707926e-01 -3.207008e-01 -7.387870e+00 -9.949751e-01 -3.255378e-01 -7.391408e+00 1.241825e-01 4.836999e-03 3.538362e-03
15             -4.783773e-01 -2.965654e-01 -6.729655e+00 -5.939303e-01 -3.021560e-01 -6.725477e+00 1.155530e-01 5.590596e-03 -4.177257e-03
16             -1.138746e-01 -3.019201e-01 -5.769114e+00 -2.142805e-01 -3.075440e-01 -5.759837e+00 1.004058e-01 5.623931e-03 -9.277236e-03
17             2.957842e-01 -2.946766e-01 -5.060338e+00 2.110864e-01 -3.010546e-01 -5.045520e+00 8.469783e-02 6.378004e-03 -1.481854e-02
18             5.576542e-01 -2.674851e-01 -4.451584e+00 4.848137e-01 -2.745473e-01 -4.432550e+00 7.284060e-02 7.062127e-03 -1.903398e-02
19             6.213395e-01 -2.216877e-01 -3.915472e+00 5.596339e-01 -2.279781e-01 -3.895025e+00 6.170561e-02 6.290499e-03 -2.044694e-02
20             4.684507e-01 -1.469473e-01 -3.239606e+00 4.203400e-01 -1.527331e-01 -3.221479e+00 4.811072e-02 5.785812e-03 -1.812712e-02
21             2.869041e-01 -6.319876e-02 -2.391662e+00 2.445254e-01 -6.953295e-02 -2.375618e+00 4.237871e-02 6.334190e-03 -1.604370e-02
22             1.912626e-01 1.868653e-02 -1.470186e+00 1.549457e-01 1.306392e-02 -1.460285e+00 3.631691e-02 5.622613e-03 -9.901077e-03
23             2.995902e-01 1.012489e-01 -6.878831e-01 2.662318e-01 9.552227e-02 -6.820515e-01 3.335839e-02 5.726647e-03 -5.831599e-03
24             5.242777e-01 1.587494e-01 -1.320875e-01 4.925581e-01 1.532977e-01 -1.283202e-01 3.171958e-02 5.451640e-03 -3.767229e-03
25             7.672608e-01 1.883203e-01 2.152790e-01 7.363668e-01 1.821748e-01 2.173771e-01 3.089399e-02 6.145531e-03 -2.098174e-03
26             9.157600e-01 1.918906e-01 3.753888e-01 8.862789e-01 1.859519e-01 3.767792e-01 2.948116e-02 5.938703e-03 -1.390349e-03
27             9.824315e-01 1.762343e-01 4.599896e-01 9.540285e-01 1.698779e-01 4.606139e-01 2.840298e-02 6.356456e-03 -6.243107e-04
28             9.769126e-01 1.391033e-01 5.158515e-01 9.508263e-01 1.334243e-01 5.164871e-01 2.608628e-02 5.678981e-03 -6.355165e-04
29             9.314479e-01 1.091726e-01 5.355197e-01 9.070087e-01 1.030560e-01 5.362258e-01 2.443918e-02 6.116534e-03 -7.061130e-04
30             8.704564e-01 1.015889e-01 5.052398e-01 8.477575e-01 9.572064e-02 5.063690e-01 2.269891e-02 5.868224e-03 -1.129244e-03
31             8.310334e-01 1.165992e-01 4.595756e-01 8.078695e-01 1.103405e-01 4.609770e-01 2.316388e-02 6.258718e-03 -1.401361e-03
32             8.095602e-01 1.369113e-01 4.028363e-01 7.858779e-01 1.309417e-01 4.047184e-01 2.368226e-02 5.969562e-03 -1.882131e-03
33             8.075929e-01 1.453534e-01 3.598319e-01 7.821739e-01 1.391413e-01 3.617004e-01 2.541893e-02 6.212179e-03 -1.868497e-03
34             8.051997e-01 1.348955e-01 3.416192e-01 7.780331e-01 1.290802e-01 3.435142e-01 2.716665e-02 5.815359e-03 -1.894988e-03
35             7.911270e-01 1.116457e-01 3.511055e-01 7.623152e-01 1.061644e-01 3.529933e-01 2.881172e-02 5.481301e-03 -1.887807e-03
36             7.681876e-01 8.292539e-02 3.843446e-01 7.381860e-01 7.812497e-02 3.861153e-01 3.000162e-02 4.800415e-03 -1.770634e-03
37             7.445116e-01 5.320824e-02 4.334306e-01 7.137331e-01 4.926321e-02 4.351179e-01 3.077844e-02 3.945035e-03 -1.687335e-03
38             7.310582e-01 2.531763e-02 4.843370e-01 6.998065e-01 2.242836e-02 4.857701e-01 3.125172e-02 2.889268e-03 -1.433138e-03
39             7.237268e-01 -4.849162e-05 5.282817e-01 6.917623e-01 -1.947315e-03 5.294068e-01 3.196448e-02 1.898824e-03 -1.125083e-03
40             7.234481e-01 -2.049980e-02 5.619766e-01 6.905031e-01 -2.139910e-02 5.627536e-01 3.294494e-02 8.992968e-04 -7.769949e-04
41             7.214198e-01 -3.437077e-02 5.836142e-01 6.877619e-01 -3.458194e-02 5.841938e-01 3.365796e-02 2.111685e-04 -5.795587e-04
42             7.087604e-01 -4.536282e-02 6.001496e-01 6.741994e-01 -4.499542e-02 6.005638e-01 3.456104e-02 -3.673985e-04 -4.142080e-04
43             6.972763e-01 -5.303690e-02 6.048147e-01 6.616710e-01 -5.233747e-02 6.052064e-01 3.560536e-02 -6.994205e-04 -3.917219e-04
44             6.858543e-01 -5.850384e-02 6.043240e-01 6.493688e-01 -5.765190e-02 6.046095e-01 3.648544e-02 -8.519399e-04 -2.855716e-04
45             6.778741e-01 -6.192384e-02 6.010455e-01 6.406005e-01 -6.110737e-02 6.012241e-01 3.727362e-02 -8.164734e-04 -1.786423e-04
46             6.753822e-01 -6.209481e-02 5.973188e-01 6.372727e-01 -6.135912e-02 5.973709e-01 3.810953e-02 -7.356910e-04 -5.217307e-05
47             6.785544e-01 -5.787958e-02 5.901357e-01 6.398351e-01 -5.722712e-02 5.900312e-01 3.871938e-02 -6.524675e-04 1.045669e-04
48             6.837117e-01 -4.819932e-02 5.779768e-01 6.444936e-01 -4.767238e-02 5.776687e-01 3.921808e-02 -5.269420e-04 3.081007e-04
49             6.905939e-01 -3.211790e-02 5.590951e-01 6.509259e-01 -3.169627e-02 5.585460e-01 3.966801e-02 -4.216325e-04 5.491199e-04
50             6.957493e-01 -1.018425e-02 5.374558e-01 6.556945e-01 -9.995660e-03 5.366153e-01 4.005476e-02 -1.885912e-04 8.405240e-04
51             7.001801e-01 1.450701e-02 5.157008e-01 6.596777e-01 1.444469e-02 5.146143e-01 4.050247e-02 6.232277e-05 1.086531e-03
52             7.006234e-01 3.728982e-02 4.953360e-01 6.597077e-01 3.688068e-02 4.940456e-01 4.091565e-02 4.091396e-04 1.290350e-03
53             6.977977e-01 5.330983e-02 4.776334e-01 6.562944e-01 5.262486e-02 4.762095e-01 4.150330e-02 6.849660e-04 1.423903e-03
54             6.906565e-01 6.086602e-02 4.625882e-01 6.486174e-01 5.991776e-02 4.610145e-01 4.203907e-02 9.482576e-04 1.573668e-03
55             6.799857e-01 6.071893e-02 4.494724e-01 6.373347e-01 5.962465e-02 4.477537e-01 4.265100e-02 1.094280e-03 1.718768e-03
56             6.659889e-01 5.540865e-02 4.385812e-01 6.227612e-01 5.420231e-02 4.366985e-01 4.322766e-02 1.206338e-03 1.882718e-03
57             6.503127e-01 4.686067e-02 4.296526e-01 6.064814e-01 4.561595e-02 4.276093e-01 4.383126e-02 1.244721e-03 2.043294e-03
58             6.343138e-01 3.624225e-02 4.222160e-01 5.899201e-01 3.497919e-02 4.199959e-01 4.439377e-02 1.263059e-03 2.220112e-03
59             6.195752e-01 2.412020e-02 4.150821e-01 5.744784e-01 2.289269e-02 4.127157e-01 4.509680e-02 1.227505e-03 2.366470e-03
60             6.064522e-01 1.139857e-02 4.074233e-01 5.607148e-01 1.023215e-02 4.049156e-01 4.573745e-02 1.166425e-03 2.507684e-03
61             5.949882e-01 -9.843512e-04 3.991174e-01 5.485209e-01 -2.072829e-03 3.964990e-01 4.646726e-02 1.088477e-03 2.618433e-03
62             5.848365e-01 -1.212211e-02 3.903880e-01 5.376508e-01 -1.313397e-02 3.876525e-01 4.718573e-02 1.011853e-03 2.735479e-03
63             5.752801e-01 -2.141108e-02 3.812496e-01 5.273381e-01 -2.232501e-02 3.784022e-01 4.794199e-02 9.139281e-04 2.847400e-03
64             5.662848e-01 -2.842109e-02 3.718159e-01 5.176243e-01 -2.924489e-02 3.688401e-01 4.866059e-02 8.238052e-04 2.975837e-03
65             5.581577e-01 -3.304329e-02 3.631062e-01 5.087637e-01 -3.374850e-02 3.599937e-01 4.939403e-02 7.052101e-04 3.112502e-03
66             5.503534e-01 -3.579516e-02 3.539363e-01 5.002588e-01 -3.639348e-02 3.506703e-01 5.009462e-02 5.983191e-04 3.266054e-03
67             5.423272e-01 -3.684936e-02 3.413263e-01 4.914820e-01 -3.730832e-02 3.379261e-01 5.084526e-02 4.589606e-04 3.400155e-03
68             5.347763e-01 -3.604773e-02 3.346669e-01 4.831982e-01 -3.637557e-02 3.311243e-01 5.157817e-02 3.278440e-04 3.542635e-03
69             5.279749e-01 -3.373037e-02 3.273475e-01 4.756228e-01 -3.391990e-02 3.236808e-01 5.235211e-02 1.895301e-04 3.666705e-03
70             5.218447e-01 -3.018539e-02 3.196540e-01 4.687145e-01 -3.024840e-02 3.158665e-01 5.313027e-02 6.300998e-05 3.787476e-03
71             5.162044e-01 -2.575493e-02 3.114540e-01 4.622525e-01 -2.569915e-02 3.075688e-01 5.395190e-02 -5.577941e-05 3.885150e-03
72             5.111091e-01 -2.079345e-02 3.026881e-01 4.563396e-01 -2.063697e-02 2.987105e-01 5.476944e-02 -1.564848e-04 3.977657e-03
73             5.064709e-01 -1.568338e-02 2.936418e-01 4.508414e-01 -1.544375e-02 2.895944e-01 5.562959e-02 -2.396304e-04 4.047402e-03
74             5.022827e-01 -1.075945e-02 2.850172e-01 4.457823e-01 -1.045495e-02 2.809096e-01 5.650043e-02 -3.044950e-04 4.107566e-03
75             4.984892e-01 -6.434289e-03 2.775978e-01 4.410916e-01 -6.079006e-03 2.734462e-01 5.739758e-02 -3.552834e-04 4.151598e-03
76             4.951063e-01 -3.078912e-03 2.720442e-01 4.368118e-01 -2.683159e-03 2.678561e-01 5.829452e-02 -3.957526e-04 4.188117e-03
77             4.922529e-01 -8.995854e-04 2.685443e-01 4.330495e-01 -4.678846e-04 2.643264e-01 5.920336e-02 -4.317009e-04 4.217859e-03
78             4.899001e-01 1.376609e-04 2.667722e-01 4.297960e-01 6.040037e-04 2.625271e-01 6.010406e-02 -4.663428e-04 4.245115e-03
79             4.879621e-01 2.057805e-04 2.661634e-01 4.269632e-01 7.061600e-04 2.618947e-01 6.099891e-02 -5.003795e-04 4.268644e-03
80             4.863079e-01 -4.751278e-04 2.661441e-01 4.244316e-01 5.985283e-05 2.618560e-01 6.187623e-02 -5.349806e-04 4.288046e-03
81             4.848291e-01 -1.628194e-03 2.662241e-01 4.220933e-01 -1.059379e-03 2.619229e-01 6.273579e-02 -5.688155e-04 4.301212e-03
82             4.834535e-01 -2.988741e-03 2.660506e-01 4.198867e-01 -2.388118e-03 2.617434e-01 6.356681e-02 -6.006235e-04 4.307171e-03
83             4.821461e-01 -4.295837e-03 2.653919e-01 4.177763e-01 -3.668065e-03 2.610866e-01 6.436974e-02 -6.277723e-04 4.305304e-03
84             4.809388e-01 -5.326953e-03 2.641096e-01 4.158013e-01 -4.678051e-03 2.598138e-01 6.513745e-02 -6.489012e-04 4.295776e-03
85             4.799226e-01 -5.867435e-03 2.621803e-01 4.140530e-01 -5.207119e-03 2.579031e-01 6.586952e-02 -6.603167e-04 4.277205e-03
86             4.791989e-01 -5.811101e-03 2.597224e-01 4.126372e-01 -5.150145e-03 2.554722e-01 6.656168e-02 -6.609558e-04 4.250174e-03
87             4.788449e-01 -5.124554e-03 2.570550e-01 4.116311e-01 -4.475534e-03 2.528398e-01 6.721386e-02 -6.490202e-04 4.215205e-03
88             4.788600e-01 -3.894981e-03 2.546998e-01 4.110368e-01 -3.271240e-03 2.505232e-01 6.782324e-02 -6.237412e-04 4.176598e-03
89             4.791801e-01 -2.280053e-03 2.532417e-01 4.107902e-01 -1.695352e-03 2.491027e-01 6.838989e-02 -5.847009e-04 4.138967e-03
90             4.797138e-01 -5.611048e-04 2.531723e-01 4.108022e-01 -2.624191e-05 2.490638e-01 6.891155e-02 -5.348629e-04 4.108560e-03
91             4.804000e-01 1.003956e-03 2.546611e-01 4.110145e-01 1.481135e-03 2.505733e-01 6.938549e-02 -4.771783e-04 4.087781e-03
92             4.812453e-01 2.230740e-03 2.573428e-01 4.114332e-01 2.649705e-03 2.532668e-01 6.981212e-02 -4.189645e-04 4.076008e-03
93             4.821111e-01 2.918254e-03 2.612229e-01 4.119184e-01 3.282679e-03 2.571531e-01 7.019268e-02 -3.644250e-04 4.069837e-03
94             4.828005e-01 2.958300e-03 2.656742e-01 4.122851e-01 3.276089e-03 2.616085e-01 7.051538e-02 -3.177889e-04 4.065716e-03
95             4.835045e-01 2.635834e-03 2.699329e-01 4.127030e-01 2.917887e-03 2.658757e-01 7.080156e-02 -2.820532e-04 4.057189e-03
96             4.841180e-01 1.951429e-03 2.736738e-01 4.130661e-01 2.210244e-03 2.696328e-01 7.105190e-02 -2.588144e-04 4.040996e-03
97             4.846207e-01 1.023083e-03 2.766612e-01 4.133521e-01 1.269641e-03 2.726469e-01 7.126860e-02 -2.465586e-04 4.014297e-03
98             4.850546e-01 -5.620449e-06 2.787933e-01 4.136001e-01 2.375625e-04 2.748163e-01 7.145452e-02 -2.431829e-04 3.976972e-03
99             4.854827e-01 -9.509384e-04 2.801157e-01 4.138696e-01 -7.052599e-04 2.761860e-01 7.161303e-02 -2.456786e-04 3.929657e-03
100            4.859491e-01 -1.654119e-03 2.808213e-01 4.142016e-01 -1.402527e-03 2.769468e-01 7.174749e-02 -2.515921e-04 3.874577e-03
101            4.864766e-01 -1.971414e-03 2.812289e-01 4.146160e-01 -1.713358e-03 2.774134e-01 7.186064e-02 -2.580559e-04 3.815469e-03
102            4.870764e-01 -1.835334e-03 2.817170e-01 4.151227e-01 -1.572366e-03 2.779609e-01 7.195369e-02 -2.629677e-04 3.756074e-03
103            4.877337e-01 -1.258405e-03 2.826272e-01 4.157073e-01 -9.934466e-04 2.789260e-01 7.202641e-02 -2.649584e-04 3.701171e-03
104            4.884075e-01 -3.680191e-04 2.842397e-01 4.163270e-01 -1.034308e-04 2.805865e-01 7.208048e-02 -2.645883e-04 3.653249e-03
105            4.891430e-01 6.878529e-04 2.864306e-01 4.170251e-01 9.498083e-04 2.828168e-01 7.211787e-02 -2.619554e-04 3.613819e-03
106            4.900126e-01 1.747414e-03 2.891828e-01 4.178693e-01 2.006254e-03 2.856009e-01 7.214325e-02 -2.588396e-04 3.581905e-03
107            4.908276e-01 2.603185e-03 2.920702e-01 4.186768e-01 2.860457e-03 2.885142e-01 7.215083e-02 -2.572728e-04 3.555957e-03
108            4.916224e-01 3.120873e-03 2.948231e-01 4.194787e-01 3.379760e-03 2.912897e-01 7.214363e-02 -2.588870e-04 3.533436e-03
109            4.923861e-01 3.261773e-03 2.971642e-01 4.202618e-01 3.525757e-03 2.936528e-01 7.212426e-02 -2.639837e-04 3.511458e-03
110            4.931050e-01 3.038649e-03 2.989159e-01 4.210110e-01 3.311203e-03 2.954286e-01 7.209408e-02 -2.725534e-04 3.487280e-03
111            4.937648e-01 2.528192e-03 3.000354e-01 4.217105e-01 2.811990e-03 2.965764e-01 7.205429e-02 -2.837985e-04 3.458996e-03
112            4.943776e-01 1.832748e-03 3.006093e-01 4.223716e-01 2.129278e-03 2.971833e-01 7.200597e-02 -2.965304e-04 3.425973e-03
113            4.949495e-01 1.086147e-03 3.008195e-01 4.229987e-01 1.395286e-03 2.974309e-01 7.195079e-02 -3.091390e-04 3.388646e-03
114            4.954920e-01 4.129003e-04 3.009057e-01 4.236027e-01 7.330339e-04 2.975572e-01 7.188924e-02 -3.201335e-04 3.348535e-03
115            4.960095e-01 -6.962090e-05 3.011108e-01 4.241871e-01 2.583314e-04 2.978033e-01 7.182238e-02 -3.279522e-04 3.307420e-03
116            4.965138e-01 -2.878160e-04 3.016347e-01 4.247637e-01 4.346201e-05 2.983669e-01 7.175005e-02 -3.312781e-04 3.267805e-03
117            4.969938e-01 -2.248118e-04 3.025914e-01 4.253214e-01 1.045614e-04 2.993601e-01 7.167233e-02 -3.293733e-04 3.231285e-03
118            4.974416e-01 7.674521e-05 3.039866e-01 4.258523e-01 3.988368e-04 3.007874e-01 7.158928e-02 -3.220916e-04 3.199212e-03
119            4.978378e-01 5.259875e-04 3.057179e-01 4.263366e-01 8.360482e-04 3.025460e-01 7.150113e-02 -3.100607e-04 3.171925e-03
120            4.981748e-01 1.009472e-03 3.076027e-01 4.267665e-01 1.304173e-03 3.044539e-01 7.140823e-02 -2.947012e-04 3.148784e-03
121            4.984386e-01 1.417503e-03 3.094212e-01 4.271274e-01 1.695064e-03 3.062922e-01 7.131122e-02 -2.775608e-04 3.129019e-03
122            4.986293e-01 1.656959e-03 3.109635e-01 4.274179e-01 1.917129e-03 3.078531e-01 7.121137e-02 -2.601700e-04 3.110416e-03
123            4.987426e-01 1.676050e-03 3.120918e-01 4.276337e-01 1.919774e-03 3.089996e-01 7.110896e-02 -2.437247e-04 3.092172e-03
124            4.987940e-01 1.460069e-03 3.127680e-01 4.277893e-01 1.689431e-03 3.096954e-01 7.100472e-02 -2.293612e-04 3.072585e-03
125            4.987908e-01 1.033467e-03 3.130611e-01 4.278924e-01 1.250544e-03 3.100089e-01 7.089838e-02 -2.170775e-04 3.052170e-03
126            4.987567e-01 4.513567e-04 3.131204e-01 4.279664e-01 6.583746e-04 3.100900e-01 7.079024e-02 -2.070179e-04 3.030362e-03
127            4.987107e-01 -2.047162e-04 3.131391e-01 4.280301e-01 -5.947365e-06 3.101301e-01 7.068062e-02 -1.987689e-04 3.008991e-03
128            4.986829e-01 -8.400090e-04 3.132944e-01 4.281135e-01 -6.483276e-04 3.103058e-01 7.056947e-02 -1.916814e-04 2.988641e-03
129            4.986872e-01 -1.362610e-03 3.137139e-01 4.282309e-01 -1.177358e-03 3.107426e-01 7.045630e-02 -1.852522e-04 2.971231e-03
130            4.987440e-01 -1.702001e-03 3.144459e-01 4.284020e-01 -1.523208e-03 3.114892e-01 7.034200e-02 -1.787937e-04 2.956719e-03
131            4.988484e-01 -1.820516e-03 3.154635e-01 4.286221e-01 -1.648842e-03 3.125174e-01 7.022638e-02 -1.716746e-04 2.946115e-03
132            4.989950e-01 -1.716990e-03 3.166772e-01 4.288859e-01 -1.553318e-03 3.137393e-01 7.010913e-02 -1.636716e-04 2.937894e-03
133            4.991609e-01 -1.432820e-03 3.179618e-01 4.291708e-01 -1.277633e-03 3.150298e-01 6.999014e-02 -1.551868e-04 2.931967e-03
134            4.993293e-01 -1.030681e-03 3.191746e-01 4.294595e-01 -8.840276e-04 3.162478e-01 6.986980e-02 -1.466538e-04 2.926770e-03
135            4.994750e-01 -5.885754e-04 3.201959e-01 4.297270e-01 -4.493802e-04 3.172743e-01 6.974799e-02 -1.391953e-04 2.921693e-03
136            4.995916e-01 -1.840375e-04 3.209397e-01 4.299666e-01 -5.043616e-05 3.180248e-01 6.962502e-02 -1.336013e-04 2.914987e-03
137            4.996693e-01 1.197442e-04 3.213859e-01 4.301682e-01 2.499645e-04 3.184793e-01 6.950111e-02 -1.302204e-04 2.906567e-03
138            4.997155e-01 2.810290e-04 3.215846e-01 4.303388e-01 4.106111e-04 3.186886e-01 6.937668e-02 -1.295820e-04 2.895961e-03
139            4.997297e-01 2.839551e-04 3.216444e-01 4.304777e-01 4.160627e-04 3.187602e-01 6.925197e-02 -1.321076e-04 2.884213e-03
140            4.997237e-01 1.404261e-04 3.216939e-01 4.305964e-01 2.779281e-04 3.188223e-01 6.912729e-02 -1.375020e-04 2.871622e-03
141            4.997002e-01 -1.078537e-04 3.218511e-01 4.306971e-01 3.718487e-05 3.189920e-01 6.900308e-02 -1.450385e-04 2.859154e-03
142            4.996338e-01 -4.059473e-04 3.221389e-01 4.307533e-01 -2.515684e-04 3.192913e-01 6.888057e-02 -1.543790e-04 2.847584e-03
143            4.996095e-01 -6.913011e-04 3.226815e-01 4.308489e-01 -5.261768e-04 3.198419e-01 6.876065e-02 -1.651243e-04 2.839543e-03
144            4.996458e-01 -9.064491e-04 3.234343e-01 4.310021e-01 -7.304806e-04 3.205998e-01 6.864368e-02 -1.759686e-04 2.834515e-03
145            4.996656e-01 -1.006987e-03 3.242171e-01 4.311351e-01 -8.211623e-04 3.213851e-01 6.853047e-02 -1.858252e-04 2.832007e-03
146            4.996809e-01 -9.773520e-04 3.249662e-01 4.312597e-01 -7.829585e-04 3.221344e-01 6.842120e-02 -1.943935e-04 2.831806e-03
147            4.996782e-01 -8.312320e-04 3.256044e-01 4.313623e-01 -6.298217e-04 3.227711e-01 6.831592e-02 -2.014103e-04 2.833289e-03
148            4.996518e-01 -5.967960e-04 3.260678e-01 4.314369e-01 -3.903465e-04 3.232322e-01 6.821494e-02 -2.064496e-04 2.835575e-03
149            4.995942e-01 -3.251443e-04 3.263273e-01 4.314765e-01 -1.152436e-04 3.234896e-01 6.811774e-02 -2.099007e-04 2.837734e-03
150            4.995062e-01 -7.287133e-05 3.263919e-01 4.314835e-01 1.386783e-04 3.235529e-01 6.802267e-02 -2.115497e-04 2.838935e-03
151            4.993903e-01 1.099954e-04 3.263110e-01 4.314599e-01 3.215404e-04 3.234709e-01 6.793038e-02 -2.115450e-04 2.840115e-03
152            4.992617e-01 1.874134e-04 3.261579e-01 4.314219e-01 3.982199e-04 3.233174e-01 6.783978e-02 -2.108065e-04 2.840444e-03
153            4.991286e-01 1.361981e-04 3.260236e-01 4.313780e-01 3.463621e-04 3.231830e-01 6.775065e-02 -2.101640e-04 2.840539e-03
154            4.990088e-01 -3.902632e-05 3.259857e-01 4.313459e-01 1.703079e-04 3.231450e-01 6.766288e-02 -2.093342e-04 2.840681e-03
155            4.989092e-01 -3.202824e-04 3.260956e-01 4.313329e-01 -1.115225e-04 3.232540e-01 6.757635e-02 -2.087599e-04 2.841554e-03
156            4.988436e-01 -6.686984e-04 3.263608e-01 4.313527e-01 -4.607582e-04 3.235176e-01 6.749088e-02 -2.079403e-04 2.843234e-03
157            4.988145e-01 -1.039841e-03 3.267578e-01 4.314072e-01 -8.331487e-04 3.239114e-01 6.740726e-02 -2.066919e-04 2.846378e-03
158            4.988206e-01 -1.384903e-03 3.272263e-01 4.314960e-01 -1.180613e-03 3.243765e-01 6.732460e-02 -2.042901e-04 2.849842e-03
159            4.988516e-01 -1.671330e-03 3.276933e-01 4.316083e-01 -1.470488e-03 3.248395e-01 6.724327e-02 -2.008424e-04 2.853744e-03
160            4.989046e-01 -1.873243e-03 3.280942e-01 4.317412e-01 -1.677237e-03 3.252366e-01 6.716340e-02 -1.960065e-04 2.857551e-03
161            4.989659e-01 -1.984471e-03 3.283849e-01 4.318808e-01 -1.794926e-03 3.255242e-01 6.708515e-02 -1.895453e-04 2.860737e-03
162            4.990334e-01 -2.013634e-03 3.285537e-01 4.320245e-01 -1.832202e-03 3.256910e-01 6.700886e-02 -1.814328e-04 2.862664e-03
163            4.991043e-01 -1.986902e-03 3.286192e-01 4.321693e-01 -1.814653e-03 3.257555e-01 6.693496e-02 -1.722492e-04 2.863776e-03
164            4.991813e-01 -1.934725e-03 3.286190e-01 4.323182e-01 -1.772462e-03 3.257552e-01 6.686312e-02 -1.622630e-04 2.863739e-03
165            4.992616e-01 -1.893444e-03 3.286120e-01 4.324684e-01 -1.741244e-03 3.257496e-01 6.679319e-02 -1.522000e-04 2.862449e-03
166            4.993513e-01 -1.890730e-03 3.286553e-01 4.326261e-01 -1.748092e-03 3.257950e-01 6.672518e-02 -1.426380e-04 2.860354e-03
167            4.994460e-01 -1.946180e-03 3.287921e-01 4.327869e-01 -1.812128e-03 3.259343e-01 6.665911e-02 -1.340520e-04 2.857871e-03
168            4.995430e-01 -2.063410e-03 3.290430e-01 4.329483e-01 -1.936340e-03 3.261883e-01 6.659465e-02 -1.270705e-04 2.854716e-03
169            4.996305e-01 -2.238259e-03 3.294059e-01 4.330989e-01 -2.115879e-03 3.265547e-01 6.653167e-02 -1.223794e-04 2.851180e-03
170            4.997007e-01 -2.445513e-03 3.298511e-01 4.332307e-01 -2.325479e-03 3.270043e-01 6.647004e-02 -1.200344e-04 2.846814e-03
171            4.997428e-01 -2.660917e-03 3.303294e-01 4.333329e-01 -2.540723e-03 3.274875e-01 6.640993e-02 -1.201940e-04 2.841925e-03
172            4.997516e-01 -2.848939e-03 3.307805e-01 4.334005e-01 -2.726751e-03 3.279441e-01 6.635115e-02 -1.221882e-04 2.836429e-03
173            4.997165e-01 -2.983141e-03 3.311517e-01 4.334214e-01 -2.857773e-03 3.283212e-01 6.629513e-02 -1.253683e-04 2.830494e-03
174            4.996323e-01 -3.039484e-03 3.313992e-01 4.333901e-01 -2.910611e-03 3.285751e-01 6.624218e-02 -1.288735e-04 2.824150e-03
175            4.994916e-01 -3.014506e-03 3.315042e-01 4.332986e-01 -2.881828e-03 3.286856e-01 6.619301e-02 -1.326782e-04 2.818576e-03
176            4.992999e-01 -2.908829e-03 3.314734e-01 4.331520e-01 -2.772381e-03 3.286595e-01 6.614789e-02 -1.364486e-04 2.813937e-03
177            4.990640e-01 -2.739942e-03 3.313329e-01 4.329574e-01 -2.599323e-03 3.285214e-01 6.610659e-02 -1.406185e-04 2.811486e-03
178            4.988045e-01 -2.530040e-03 3.311211e-01 4.327356e-01 -2.384747e-03 3.283098e-01 6.606886e-02 -1.452932e-04 2.811266e-03
179            4.985422e-01 -2.312470e-03 3.308984e-01 4.325079e-01 -2.161850e-03 3.280841e-01 6.603428e-02 -1.506192e-04 2.814229e-03
180            4.983043e-01 -2.111889e-03 3.306950e-01 4.323004e-01 -1.955038e-03 3.278750e-01 6.600393e-02 -1.568511e-04 2.820011e-03
181            4.981015e-01 -1.950572e-03 3.305433e-01 4.321237e-01 -1.786939e-03 3.277150e-01 6.597785e-02 -1.636337e-04 2.828344e-03
182            4.979500e-01 -1.840301e-03 3.304514e-01 4.319937e-01 -1.669990e-03 3.276138e-01 6.595630e-02 -1.703117e-04 2.837580e-03
183            4.978469e-01 -1.779683e-03 3.304120e-01 4.319080e-01 -1.603667e-03 3.275650e-01 6.593890e-02 -1.760152e-04 2.847040e-03
184            4.977765e-01 -1.755161e-03 3.303880e-01 4.318511e-01 -1.575057e-03 3.275320e-01 6.592538e-02 -1.801034e-04 2.855925e-03
185            4.977101e-01 -1.750464e-03 3.303313e-01 4.317953e-01 -1.567593e-03 3.274676e-01 6.591485e-02 -1.828705e-04 2.863728e-03
186            4.976307e-01 -1.749217e-03 3.302003e-01 4.317238e-01 -1.564394e-03 3.273301e-01 6.590690e-02 -1.848225e-04 2.870267e-03
187            4.975259e-01 -1.729500e-03 3.299744e-01 4.316253e-01 -1.543465e-03 3.270985e-01 6.590053e-02 -1.860351e-04 2.875916e-03
188            4.973904e-01 -1.687474e-03 3.296457e-01 4.314950e-01 -1.500178e-03 3.267652e-01 6.589535e-02 -1.872954e-04 2.880433e-03
189            4.972322e-01 -1.609263e-03 3.292349e-01 4.313419e-01 -1.420955e-03 3.263512e-01 6.589031e-02 -1.883072e-04 2.883722e-03
190            4.970602e-01 -1.517497e-03 3.287792e-01 4.311735e-01 -1.327291e-03 3.258924e-01 6.588668e-02 -1.902054e-04 2.886866e-03
191            4.968894e-01 -1.404158e-03 3.283260e-01 4.310058e-01 -1.213273e-03 3.254362e-01 6.588360e-02 -1.908846e-04 2.889769e-03
192            4.967245e-01 -1.314338e-03 3.279164e-01 4.308428e-01 -1.122656e-03 3.250228e-01 6.588167e-02 -1.916815e-04 2.893683e-03
193            4.965903e-01 -1.241470e-03 3.275869e-01 4.307098e-01 -1.051088e-03 3.246891e-01 6.588050e-02 -1.903818e-04 2.897856e-03
194            4.964988e-01 -1.228292e-03 3.273615e-01 4.306161e-01 -1.039044e-03 3.244565e-01 6.588267e-02 -1.892476e-04 2.905068e-03
195            4.964596e-01 -1.269208e-03 3.272318e-01 4.305711e-01 -1.082386e-03 3.243159e-01 6.588847e-02 -1.868217e-04 2.915879e-03
196            4.964744e-01 -1.375004e-03 3.271766e-01 4.305765e-01 -1.191367e-03 3.242461e-01 6.589786e-02 -1.836372e-04 2.930458e-03
197            4.965484e-01 -1.527781e-03 3.271760e-01 4.306375e-01 -1.348166e-03 3.242277e-01 6.591087e-02 -1.796154e-04 2.948329e-03
198            4.966941e-01 -1.702409e-03 3.272043e-01 4.307655e-01 -1.528272e-03 3.242325e-01 6.592857e-02 -1.741373e-04 2.971741e-03
199            4.969206e-01 -1.869592e-03 3.272341e-01 4.309696e-01 -1.701834e-03 3.242342e-01 6.595097e-02 -1.677581e-04 2.999861e-03
200            4.972421e-01 -1.991177e-03 3.272544e-01 4.312633e-01 -1.830592e-03 3.242203e-01 6.597880e-02 -1.605843e-04 3.034026e-03
201            4.976710e-01 -2.038465e-03 3.272623e-01 4.316591e-01 -1.886422e-03 3.241874e-01 6.601191e-02 -1.520435e-04 3.074871e-03
202            4.982142e-01 -1.986244e-03 3.272615e-01 4.321650e-01 -1.842221e-03 3.241381e-01 6.604916e-02 -1.440225e-04 3.123420e-03
203            4.988625e-01 -1.827267e-03 3.272477e-01 4.327750e-01 -1.688747e-03 3.240686e-01 6.608744e-02 -1.385199e-04 3.179104e-03
204            4.996004e-01 -1.559543e-03 3.272060e-01 4.334774e-01 -1.421068e-03 3.239663e-01 6.612294e-02 -1.384742e-04 3.239725e-03
205            5.004051e-01 -1.205702e-03 3.271504e-01 4.342545e-01 -1.059555e-03 3.238498e-01 6.615059e-02 -1.461464e-04 3.300657e-03
206            5.012705e-01 -7.975190e-04 3.270862e-01 4.351041e-01 -6.341397e-04 3.237289e-01 6.616639e-02 -1.633793e-04 3.357336e-03
207            5.021232e-01 -3.802502e-04 3.270322e-01 4.359577e-01 -1.886602e-04 3.236254e-01 6.616553e-02 -1.915900e-04 3.406806e-03
208            5.029148e-01 6.777300e-06 3.269677e-01 4.367678e-01 2.354115e-04 3.235217e-01 6.614700e-02 -2.286342e-04 3.446016e-03
209            5.036246e-01 3.155532e-04 3.268957e-01 4.375110e-01 5.857965e-04 3.234222e-01 6.611358e-02 -2.702433e-04 3.473511e-03
210            5.042481e-01 5.079164e-04 3.268421e-01 4.381798e-01 8.186200e-04 3.233521e-01 6.606835e-02 -3.107035e-04 3.489997e-03
211            5.048102e-01 5.670430e-04 3.267806e-01 4.387962e-01 9.121947e-04 3.232840e-01 6.601397e-02 -3.451518e-04 3.496578e-03
212            5.053173e-01 4.891590e-04 3.266668e-01 4.393642e-01 8.604088e-04 3.231717e-01 6.595309e-02 -3.712498e-04 3.495066e-03
213            5.057687e-01 3.013568e-04 3.264735e-01 4.398815e-01 6.903368e-04 3.229874e-01 6.588724e-02 -3.889800e-04 3.486116e-03
214            5.061428e-01 4.386475e-05 3.261948e-01 4.403259e-01 4.430983e-04 3.227240e-01 6.581685e-02 -3.992335e-04 3.470733e-03
215            5.064126e-01 -2.206574e-04 3.258376e-01 4.406693e-01 1.826534e-04 3.223889e-01 6.574332e-02 -4.033108e-04 3.448666e-03
216            5.065586e-01 -4.409371e-04 3.254169e-01 4.408916e-01 -3.816273e-05 3.219962e-01 6.566699e-02 -4.027744e-04 3.420695e-03
217            5.065793e-01 -5.801282e-04 3.249578e-01 4.409894e-01 -1.812520e-04 3.215705e-01 6.558996e-02 -3.988761e-04 3.387350e-03
218            5.064794e-01 -6.290438e-04 3.244936e-01 4.409650e-01 -2.361605e-04 3.211443e-01 6.551440e-02 -3.928833e-04 3.349317e-03
219            5.062714e-01 -6.036120e-04 3.240378e-01 4.408291e-01 -2.184223e-04 3.207296e-01 6.544226e-02 -3.851897e-04 3.308190e-03
220            5.059685e-01 -5.334463e-04 3.235867e-01 4.405929e-01 -1.576953e-04 3.203223e-01 6.537566e-02 -3.757510e-04 3.264411e-03
221            5.055802e-01 -4.695320e-04 3.231234e-01 4.402652e-01 -1.042457e-04 3.199043e-01 6.531504e-02 -3.652863e-04 3.219052e-03
222            5.051101e-01 -4.545675e-04 3.226252e-01 4.398476e-01 -1.011310e-04 3.194528e-01 6.526240e-02 -3.534366e-04 3.172365e-03
223            5.045528e-01 -5.265441e-04 3.220735e-01 4.393338e-01 -1.856318e-04 3.189485e-01 6.521901e-02 -3.409123e-04 3.124955e-03
224            5.039021e-01 -7.000301e-04 3.214534e-01 4.387170e-01 -3.723059e-04 3.183760e-01 6.518508e-02 -3.277242e-04 3.077407e-03
225            5.031494e-01 -9.871838e-04 3.207585e-01 4.379904e-01 -6.720381e-04 3.177286e-01 6.515896e-02 -3.151457e-04 3.029943e-03
226            5.022875e-01 -1.372235e-03 3.199948e-01 4.371464e-01 -1.069301e-03 3.170128e-01 6.514109e-02 -3.029341e-04 2.981960e-03
227            5.013065e-01 -1.831222e-03 3.191892e-01 4.361758e-01 -1.539617e-03 3.162549e-01 6.513075e-02 -2.916056e-04 2.934265e-03
228            5.001983e-01 -2.326991e-03 3.183747e-01 4.350726e-01 -2.044815e-03 3.154870e-01 6.512571e-02 -2.821759e-04 2.887694e-03
229            4.989596e-01 -2.820470e-03 3.175791e-01 4.338344e-01 -2.545637e-03 3.147368e-01 6.512519e-02 -2.748335e-04 2.842321e-03
230            4.975949e-01 -3.274917e-03 3.168268e-01 4.324661e-01 -3.005269e-03 3.140275e-01 6.512882e-02 -2.696479e-04 2.799285e-03
231            4.961089e-01 -3.660795e-03 3.161314e-01 4.309721e-01 -3.394976e-03 3.133732e-01 6.513682e-02 -2.658194e-04 2.758183e-03
232            4.945147e-01 -3.955688e-03 3.154970e-01 4.293628e-01 -3.691949e-03 3.127768e-01 6.515196e-02 -2.637390e-04 2.720171e-03
233            4.928282e-01 -4.144314e-03 3.149201e-01 4.276558e-01 -3.881960e-03 3.122328e-01 6.517234e-02 -2.623539e-04 2.687356e-03
234            4.910805e-01 -4.221728e-03 3.143921e-01 4.258861e-01 -3.959907e-03 3.117325e-01 6.519441e-02 -2.618208e-04 2.659637e-03
235            4.893068e-01 -4.194144e-03 3.139189e-01 4.240893e-01 -3.932487e-03 3.112824e-01 6.521755e-02 -2.616573e-04 2.636519e-03
236            4.875464e-01 -4.067609e-03 3.135021e-01 4.223005e-01 -3.807010e-03 3.108842e-01 6.524595e-02 -2.605989e-04 2.617898e-03
237            4.858452e-01 -3.859571e-03 3.131275e-01 4.205646e-01 -3.602879e-03 3.105206e-01 6.528056e-02 -2.566919e-04 2.606910e-03
238            4.842319e-01 -3.585368e-03 3.128110e-01 4.189195e-01 -3.336156e-03 3.102125e-01 6.531241e-02 -2.492116e-04 2.598511e-03
239            4.827502e-01 -3.257070e-03 3.125600e-01 4.174077e-01 -3.017094e-03 3.099673e-01 6.534246e-02 -2.399755e-04 2.592716e-03
240            4.814515e-01 -2.896019e-03 3.123447e-01 4.160756e-01 -2.666880e-03 3.097542e-01 6.537590e-02 -2.291386e-04 2.590490e-03
241            4.803574e-01 -2.513286e-03 3.122238e-01 4.149452e-01 -2.299084e-03 3.096290e-01 6.541219e-02 -2.142018e-04 2.594780e-03
242            4.795028e-01 -2.121462e-03 3.122015e-01 4.140557e-01 -1.926116e-03 3.096004e-01 6.544703e-02 -1.953460e-04 2.601188e-03
243            4.788990e-01 -1.723235e-03 3.122962e-01 4.134202e-01 -1.552266e-03 3.096855e-01 6.547880e-02 -1.709695e-04 2.610698e-03
244            4.785534e-01 -1.327014e-03 3.124991e-01 4.130410e-01 -1.185085e-03 3.098736e-01 6.551233e-02 -1.419294e-04 2.625547e-03
245            4.784427e-01 -9.229087e-04 3.128473e-01 4.128965e-01 -8.163266e-04 3.102000e-01 6.554620e-02 -1.065821e-04 2.647304e-03
246            4.785729e-01 -5.240990e-04 3.133654e-01 4.129921e-01 -4.578263e-04 3.106948e-01 6.558081e-02 -6.627265e-05 2.670641e-03
247            4.789267e-01 -1.057215e-04 3.140551e-01 4.133153e-01 -8.508563e-05 3.113629e-01 6.561141e-02 -2.063585e-05 2.692200e-03
248            4.794807e-01 3.255847e-04 3.148677e-01 4.138441e-01 2.935362e-04 3.121530e-01 6.563664e-02 3.204845e-05 2.714677e-03
249            4.801948e-01 7.811488e-04 3.157623e-01 4.145374e-01 6.875889e-04 3.130237e-01 6.565740e-02 9.355990e-05 2.738532e-03
250            4.810380e-01 1.256509e-03 3.166589e-01 4.153604e-01 1.093796e-03 3.138942e-01 6.567763e-02 1.627133e-04 2.764679e-03
251            4.819422e-01 1.747231e-03 3.174050e-01 4.162438e-01 1.509955e-03 3.146112e-01 6.569843e-02 2.372754e-04 2.793809e-03
252            4.829698e-01 2.279585e-03 3.181764e-01 4.172442e-01 1.967496e-03 3.153542e-01 6.572554e-02 3.120890e-04 2.822207e-03
253            4.840534e-01 2.847771e-03 3.189237e-01 4.182930e-01 2.466096e-03 3.160817e-01 6.576039e-02 3.816757e-04 2.841955e-03
254            4.851763e-01 3.423304e-03 3.196442e-01 4.193783e-01 2.982396e-03 3.167922e-01 6.579804e-02 4.409085e-04 2.852005e-03
255            4.863527e-01 4.020598e-03 3.203691e-01 4.205122e-01 3.539784e-03 3.175147e-01 6.584044e-02 4.808136e-04 2.854450e-03
256            4.876164e-01 4.556438e-03 3.211850e-01 4.217328e-01 4.063952e-03 3.183268e-01 6.588363e-02 4.924863e-04 2.858275e-03
257            4.888578e-01 5.086294e-03 3.221057e-01 4.229294e-01 4.607150e-03 3.192413e-01 6.592838e-02 4.791439e-04 2.864348e-03
258            4.899362e-01 5.498024e-03 3.230587e-01 4.239609e-01 5.061693e-03 3.201888e-01 6.597526e-02 4.363313e-04 2.869908e-03
259            4.908016e-01 5.857425e-03 3.239141e-01 4.247805e-01 5.480876e-03 3.210396e-01 6.602107e-02 3.765488e-04 2.874573e-03
260            4.914857e-01 6.114999e-03 3.246233e-01 4.254143e-01 5.804657e-03 3.217447e-01 6.607133e-02 3.103419e-04 2.878602e-03
261            4.920640e-01 6.283704e-03 3.252096e-01 4.259376e-01 6.038422e-03 3.223271e-01 6.612639e-02 2.452823e-04 2.882441e-03
262            4.926052e-01 6.315656e-03 3.257026e-01 4.264227e-01 6.134253e-03 3.228180e-01 6.618248e-02 1.814031e-04 2.884581e-03
263            4.931076e-01 6.195644e-03 3.261223e-01 4.268646e-01 6.072613e-03 3.232394e-01 6.624303e-02 1.230305e-04 2.882893e-03
264            4.935660e-01 5.929655e-03 3.264906e-01 4.272584e-01 5.860363e-03 3.236080e-01 6.630764e-02 6.929242e-05 2.882658e-03
265            4.939316e-01 5.551591e-03 3.267946e-01 4.275541e-01 5.528443e-03 3.239101e-01 6.637742e-02 2.314863e-05 2.884569e-03
266            4.941314e-01 5.105939e-03 3.270120e-01 4.276779e-01 5.114852e-03 3.241178e-01 6.645341e-02 -8.912663e-06 2.894154e-03
267            4.940762e-01 4.617947e-03 3.270994e-01 4.275431e-01 4.642690e-03 3.241923e-01 6.653308e-02 -2.474289e-05 2.907070e-03
268            4.937499e-01 4.103740e-03 3.270368e-01 4.271281e-01 4.126525e-03 3.241109e-01 6.662181e-02 -2.278521e-05 2.925854e-03
269            4.932142e-01 3.564615e-03 3.268268e-01 4.264964e-01 3.571991e-03 3.238791e-01 6.671787e-02 -7.375368e-06 2.947759e-03
270            4.925659e-01 3.018796e-03 3.265317e-01 4.257656e-01 3.010567e-03 3.235611e-01 6.680023e-02 8.228483e-06 2.970659e-03
271            4.919061e-01 2.471940e-03 3.262180e-01 4.250406e-01 2.456730e-03 3.232262e-01 6.686556e-02 1.521037e-05 2.991794e-03
272            4.913299e-01 1.961216e-03 3.259517e-01 4.244163e-01 1.952009e-03 3.229384e-01 6.691356e-02 9.207169e-06 3.013362e-03
273            4.908978e-01 1.495823e-03 3.257321e-01 4.239523e-01 1.505662e-03 3.226967e-01 6.694554e-02 -9.838391e-06 3.035379e-03
274            4.906405e-01 1.116524e-03 3.255587e-01 4.236695e-01 1.154033e-03 3.225015e-01 6.697102e-02 -3.750945e-05 3.057260e-03
275            4.905521e-01 8.115582e-04 3.254513e-01 4.235638e-01 8.782518e-04 3.223713e-01 6.698833e-02 -6.669353e-05 3.079933e-03
276            4.906391e-01 5.681532e-04 3.254299e-01 4.236403e-01 6.618574e-04 3.223230e-01 6.699874e-02 -9.370427e-05 3.106907e-03
277            4.908998e-01 3.784296e-04 3.255063e-01 4.238966e-01 4.963295e-04 3.223703e-01 6.700327e-02 -1.178999e-04 3.136070e-03
278            4.913960e-01 2.492417e-04 3.256740e-01 4.243914e-01 3.872744e-04 3.225061e-01 6.700465e-02 -1.380327e-04 3.167834e-03
279            4.921473e-01 1.648610e-04 3.259627e-01 4.251451e-01 3.201887e-04 3.227626e-01 6.700223e-02 -1.553277e-04 3.200046e-03
280            4.932001e-01 1.205858e-04 3.263918e-01 4.262056e-01 2.901294e-04 3.231590e-01 6.699446e-02 -1.695436e-04 3.232746e-03
281            4.945511e-01 9.595298e-05 3.269620e-01 4.275683e-01 2.742679e-04 3.236978e-01 6.698284e-02 -1.783149e-04 3.264204e-03
282            4.961669e-01 7.087310e-05 3.275945e-01 4.291947e-01 2.466322e-04 3.242971e-01 6.697220e-02 -1.757591e-04 3.297370e-03
283            4.979087e-01 -4.160804e-06 3.282612e-01 4.309448e-01 1.533821e-04 3.249291e-01 6.696385e-02 -1.575429e-04 3.332161e-03
284            4.997182e-01 -1.777100e-04 3.288620e-01 4.327609e-01 -5.596899e-05 3.255000e-01 6.695726e-02 -1.217410e-04 3.361948e-03
285            5.013779e-01 -4.322181e-04 3.295449e-01 4.344327e-01 -3.586770e-04 3.261682e-01 6.694528e-02 -7.354112e-05 3.376675e-03
286            5.028941e-01 -7.961225e-04 3.301744e-01 4.359690e-01 -7.815842e-04 3.267969e-01 6.692511e-02 -1.453834e-05 3.377487e-03
287            5.042436e-01 -1.235928e-03 3.306888e-01 4.373452e-01 -1.287667e-03 3.273229e-01 6.689838e-02 5.173850e-05 3.365839e-03
288            5.053067e-01 -1.660522e-03 3.310580e-01 4.384396e-01 -1.775176e-03 3.277101e-01 6.686706e-02 1.146542e-04 3.347923e-03
289            5.059237e-01 -1.994484e-03 3.312532e-01 4.390929e-01 -2.158109e-03 3.279295e-01 6.683082e-02 1.636247e-04 3.323717e-03
290            5.060055e-01 -2.192693e-03 3.312788e-01 4.392185e-01 -2.389230e-03 3.279852e-01 6.678707e-02 1.965370e-04 3.293527e-03
291            5.055213e-01 -2.299325e-03 3.311377e-01 4.387846e-01 -2.512391e-03 3.278785e-01 6.673673e-02 2.130661e-04 3.259182e-03
292            5.046477e-01 -2.388145e-03 3.306825e-01 4.379605e-01 -2.608614e-03 3.274597e-01 6.668717e-02 2.204688e-04 3.222781e-03
293            5.031672e-01 -2.405953e-03 3.303704e-01 4.365316e-01 -2.630076e-03 3.271865e-01 6.663556e-02 2.241229e-04 3.183877e-03
294            5.013207e-01 -2.463927e-03 3.298124e-01 4.347411e-01 -2.689008e-03 3.266705e-01 6.657955e-02 2.250811e-04 3.141883e-03
295            4.993330e-01 -2.545225e-03 3.290096e-01 4.328079e-01 -2.767966e-03 3.259117e-01 6.652520e-02 2.227411e-04 3.097883e-03
296            4.971746e-01 -2.620760e-03 3.283258e-01 4.307033e-01 -2.837736e-03 3.252739e-01 6.647130e-02 2.169764e-04 3.051945e-03
297            4.949360e-01 -2.663256e-03 3.276593e-01 4.285137e-01 -2.874097e-03 3.246514e-01 6.642224e-02 2.108406e-04 3.007913e-03
298            4.927603e-01 -2.671922e-03 3.270239e-01 4.263786e-01 -2.878868e-03 3.240495e-01 6.638170e-02 2.069458e-04 2.974388e-03
299            4.907666e-01 -2.616555e-03 3.264689e-01 4.244162e-01 -2.822155e-03 3.235149e-01 6.635039e-02 2.056000e-04 2.953957e-03
300            4.890897e-01 -2.496691e-03 3.259860e-01 4.227596e-01 -2.701287e-03 3.230384e-01 6.633010e-02 2.045958e-04 2.947605e-03
301            4.878082e-01 -2.301595e-03 3.255963e-01 4.214860e-01 -2.501178e-03 3.226459e-01 6.632224e-02 1.995837e-04 2.950464e-03
302            4.870373e-01 -2.062171e-03 3.252523e-01 4.207084e-01 -2.253123e-03 3.222941e-01 6.632890e-02 1.909525e-04 2.958231e-03
303            4.867151e-01 -1.714283e-03 3.249791e-01 4.203694e-01 -1.890282e-03 3.220104e-01 6.634569e-02 1.759985e-04 2.968674e-03
304            4.868632e-01 -1.298685e-03 3.247839e-01 4.204973e-01 -1.452425e-03 3.218026e-01 6.636587e-02 1.537405e-04 2.981315e-03
305            4.874535e-01 -8.376917e-04 3.246464e-01 4.210714e-01 -9.606354e-04 3.216494e-01 6.638217e-02 1.229437e-04 2.996987e-03
306            4.884715e-01 -3.321655e-04 3.245703e-01 4.220764e-01 -4.206200e-04 3.215538e-01 6.639512e-02 8.845453e-05 3.016439e-03
307            4.898551e-01 2.031056e-04 3.245858e-01 4.234576e-01 1.534451e-04 3.215483e-01 6.639751e-02 4.966049e-05 3.037496e-03
308            4.914753e-01 7.638747e-04 3.247865e-01 4.250906e-01 7.563534e-04 3.217263e-01 6.638466e-02 7.521246e-06 3.060226e-03
309            4.931931e-01 1.311316e-03 3.251442e-01 4.268318e-01 1.351428e-03 3.220595e-01 6.636129e-02 -4.011114e-05 3.084689e-03
310            4.948596e-01 1.812702e-03 3.255979e-01 4.285206e-01 1.909366e-03 3.224897e-01 6.633898e-02 -9.666455e-05 3.108273e-03
311            4.963312e-01 2.190622e-03 3.261300e-01 4.300042e-01 2.353794e-03 3.230058e-01 6.632702e-02 -1.631721e-04 3.124187e-03
312            4.974523e-01 2.401311e-03 3.267412e-01 4.311320e-01 2.634830e-03 3.236134e-01 6.632031e-02 -2.335181e-04 3.127792e-03
313            4.981065e-01 2.441120e-03 3.273503e-01 4.317921e-01 2.738904e-03 3.242312e-01 6.631444e-02 -2.977838e-04 3.119048e-03
314            4.982576e-01 2.299521e-03 3.278519e-01 4.319538e-01 2.649412e-03 3.247534e-01 6.630382e-02 -3.498911e-04 3.098472e-03
315            4.979363e-01 1.965580e-03 3.281962e-01 4.316462e-01 2.356585e-03 3.251302e-01 6.629007e-02 -3.910048e-04 3.066006e-03
316            4.972290e-01 1.445619e-03 3.283763e-01 4.309513e-01 1.871059e-03 3.253481e-01 6.627763e-02 -4.254396e-04 3.028260e-03
317            4.962359e-01 7.698980e-04 3.284211e-01 4.299687e-01 1.225016e-03 3.254285e-01 6.626720e-02 -4.551184e-04 2.992661e-03
318            4.950941e-01 -3.190106e-05 3.283540e-01 4.288396e-01 4.511861e-04 3.253904e-01 6.625445e-02 -4.830872e-04 2.963611e-03
319            4.939020e-01 -9.762700e-04 3.281957e-01 4.276600e-01 -4.644304e-04 3.252532e-01 6.624198e-02 -5.118396e-04 2.942529e-03
320            4.928373e-01 -2.030425e-03 3.280341e-01 4.266023e-01 -1.489860e-03 3.251045e-01 6.623501e-02 -5.405653e-04 2.929654e-03
321            4.919615e-01 -3.158557e-03 3.278776e-01 4.257230e-01 -2.592648e-03 3.249534e-01 6.623855e-02 -5.659088e-04 2.924177e-03
322            4.913181e-01 -4.278464e-03 3.277435e-01 4.250668e-01 -3.692845e-03 3.248198e-01 6.625138e-02 -5.856197e-04 2.923728e-03
323            4.908666e-01 -5.387104e-03 3.276008e-01 4.245926e-01 -4.785619e-03 3.246735e-01 6.627403e-02 -6.014848e-04 2.927298e-03
324            4.905648e-01 -6.441298e-03 3.274413e-01 4.242594e-01 -5.825042e-03 3.245077e-01 6.630532e-02 -6.162556e-04 2.933566e-03
325            4.903578e-01 -7.434938e-03 3.272754e-01 4.240135e-01 -6.802202e-03 3.243320e-01 6.634430e-02 -6.327358e-04 2.943432e-03
326            4.902298e-01 -8.352347e-03 3.271060e-01 4.238429e-01 -7.700263e-03 3.241486e-01 6.638693e-02 -6.520838e-04 2.957364e-03
327            4.901814e-01 -9.190454e-03 3.269517e-01 4.237556e-01 -8.518724e-03 3.239797e-01 6.642576e-02 -6.717294e-04 2.972012e-03
328            4.902558e-01 -9.941128e-03 3.268786e-01 4.238003e-01 -9.250477e-03 3.238915e-01 6.645555e-02 -6.906512e-04 2.987089e-03
329            4.905152e-01 -1.059433e-02 3.268768e-01 4.240447e-01 -9.885155e-03 3.238756e-01 6.647051e-02 -7.091707e-04 3.001126e-03
330            4.910142e-01 -1.113708e-02 3.269918e-01 4.245515e-01 -1.041809e-02 3.239832e-01 6.646265e-02 -7.189898e-04 3.008659e-03
331            4.918254e-01 -1.155896e-02 3.272654e-01 4.253887e-01 -1.084375e-02 3.242586e-01 6.643675e-02 -7.152143e-04 3.006881e-03
332            4.929622e-01 -1.186298e-02 3.277513e-01 4.265601e-01 -1.117031e-02 3.247481e-01 6.640205e-02 -6.926754e-04 3.003126e-03
333            4.942593e-01 -1.199616e-02 3.284290e-01 4.278980e-01 -1.134805e-02 3.254236e-01 6.636130e-02 -6.481187e-04 3.005363e-03
334            4.957025e-01 -1.196256e-02 3.291604e-01 4.293737e-01 -1.138270e-02 3.261455e-01 6.632872e-02 -5.798512e-04 3.014930e-03
335            4.971388e-01 -1.172271e-02 3.299495e-01 4.308264e-01 -1.123207e-02 3.269162e-01 6.631242e-02 -4.906415e-04 3.033293e-03
336            4.983505e-01 -1.128564e-02 3.308164e-01 4.320405e-01 -1.089830e-02 3.277630e-01 6.631002e-02 -3.873378e-04 3.053413e-03
337            4.991527e-01 -1.067369e-02 3.316464e-01 4.328470e-01 -1.038886e-02 3.285828e-01 6.630568e-02 -2.848368e-04 3.063583e-03
338            4.994837e-01 -9.924005e-03 3.323881e-01 4.331859e-01 -9.735047e-03 3.293285e-01 6.629783e-02 -1.889588e-04 3.059601e-03
339            4.993777e-01 -9.075973e-03 3.330461e-01 4.330923e-01 -8.971733e-03 3.300050e-01 6.628540e-02 -1.042395e-04 3.041090e-03
340            4.989097e-01 -8.205985e-03 3.335846e-01 4.326337e-01 -8.177000e-03 3.305726e-01 6.627599e-02 -2.898442e-05 3.012001e-03
341            4.981188e-01 -7.342826e-03 3.339615e-01 4.318386e-01 -7.379529e-03 3.309848e-01 6.628024e-02 3.670352e-05 2.976727e-03
342            4.970654e-01 -6.522019e-03 3.341795e-01 4.307601e-01 -6.612566e-03 3.312343e-01 6.630520e-02 9.054716e-05 2.945147e-03
343            4.958198e-01 -5.755752e-03 3.342107e-01 4.294732e-01 -5.889461e-03 3.312889e-01 6.634656e-02 1.337092e-04 2.921842e-03
344            4.944878e-01 -5.094589e-03 3.340260e-01 4.280892e-01 -5.263791e-03 3.311198e-01 6.639854e-02 1.692018e-04 2.906108e-03
345            4.931684e-01 -4.531453e-03 3.336412e-01 4.267098e-01 -4.730704e-03 3.307436e-01 6.645860e-02 1.992508e-04 2.897612e-03
346            4.919456e-01 -4.061294e-03 3.331029e-01 4.254195e-01 -4.286333e-03 3.302057e-01 6.652610e-02 2.250382e-04 2.897182e-03
347            4.908529e-01 -3.653075e-03 3.324670e-01 4.242542e-01 -3.899556e-03 3.295611e-01 6.659870e-02 2.464808e-04 2.905937e-03
348            4.898969e-01 -3.276834e-03 3.317803e-01 4.232253e-01 -3.540630e-03 3.288597e-01 6.667169e-02 2.637965e-04 2.920612e-03
349            4.890872e-01 -2.893132e-03 3.311037e-01 4.223461e-01 -3.170797e-03 3.281626e-01 6.674106e-02 2.776656e-04 2.941071e-03
350            4.884864e-01 -2.477811e-03 3.304950e-01 4.216857e-01 -2.764177e-03 3.275281e-01 6.680065e-02 2.863662e-04 2.966934e-03
351            4.881604e-01 -1.990505e-03 3.299397e-01 4.213164e-01 -2.281613e-03 3.269456e-01 6.684403e-02 2.911073e-04 2.994125e-03
352            4.881986e-01 -1.423676e-03 3.294566e-01 4.213327e-01 -1.712718e-03 3.264336e-01 6.686590e-02 2.890422e-04 3.023013e-03
353            4.886804e-01 -7.691756e-04 3.290970e-01 4.218107e-01 -1.044555e-03 3.260466e-01 6.686971e-02 2.753794e-04 3.050424e-03
354            4.896557e-01 -2.374078e-05 3.289070e-01 4.227952e-01 -2.777369e-04 3.258288e-01 6.686046e-02 2.539961e-04 3.078248e-03
355            4.910150e-01 7.982952e-04 3.289239e-01 4.241776e-01 5.741677e-04 3.258207e-01 6.683745e-02 2.241275e-04 3.103154e-03
356            4.925879e-01 1.645209e-03 3.291281e-01 4.257845e-01 1.466399e-03 3.260002e-01 6.680345e-02 1.788101e-04 3.127895e-03
357            4.942514e-01 2.412976e-03 3.293718e-01 4.274862e-01 2.295691e-03 3.262184e-01 6.676516e-02 1.172850e-04 3.153423e-03
358            4.957606e-01 3.024098e-03 3.297225e-01 4.290340e-01 2.984215e-03 3.265445e-01 6.672660e-02 3.988275e-05 3.178052e-03
359            4.968367e-01 3.403527e-03 3.302048e-01 4.301483e-01 3.450473e-03 3.270161e-01 6.668834e-02 -4.694574e-05 3.188722e-03
360            4.973781e-01 3.553560e-03 3.308409e-01 4.307288e-01 3.688880e-03 3.276568e-01 6.664929e-02 -1.353195e-04 3.184052e-03
361            4.974605e-01 3.511872e-03 3.316272e-01 4.308556e-01 3.727163e-03 3.284618e-01 6.660485e-02 -2.152907e-04 3.165434e-03
362            4.972630e-01 3.365197e-03 3.324892e-01 4.307040e-01 3.643352e-03 3.293542e-01 6.655896e-02 -2.781557e-04 3.134987e-03
363            4.968691e-01 3.152039e-03 3.333965e-01 4.303507e-01 3.476849e-03 3.303002e-01 6.651833e-02 -3.248099e-04 3.096328e-03
364            4.964202e-01 2.941516e-03 3.341625e-01 4.299344e-01 3.298041e-03 3.311069e-01 6.648577e-02 -3.565250e-04 3.055650e-03
365            4.959650e-01 2.707292e-03 3.347156e-01 4.294965e-01 3.084569e-03 3.317013e-01 6.646857e-02 -3.772765e-04 3.014322e-03
366            4.953664e-01 2.382986e-03 3.351800e-01 4.288940e-01 2.773074e-03 3.322065e-01 6.647243e-02 -3.900878e-04 2.973517e-03
367            4.946323e-01 1.962059e-03 3.354687e-01 4.281356e-01 2.360657e-03 3.325332e-01 6.649674e-02 -3.985977e-04 2.935562e-03
368            4.937891e-01 1.459446e-03 3.355854e-01 4.272527e-01 1.862713e-03 3.326843e-01 6.653646e-02 -4.032675e-04 2.901158e-03
369            4.928699e-01 8.869524e-04 3.355238e-01 4.262818e-01 1.291646e-03 3.326541e-01 6.658812e-02 -4.046939e-04 2.869679e-03
370            4.918998e-01 2.630808e-04 3.352865e-01 4.252527e-01 6.655594e-04 3.324432e-01 6.664709e-02 -4.024786e-04 2.843317e-03
371            4.909118e-01 -4.010835e-04 3.348897e-01 4.242067e-01 -3.617670e-06 3.320697e-01 6.670510e-02 -3.974659e-04 2.819992e-03
372            4.899512e-01 -1.081998e-03 3.343739e-01 4.231860e-01 -6.929046e-04 3.315709e-01 6.676513e-02 -3.890937e-04 2.802980e-03
373            4.890445e-01 -1.763909e-03 3.337853e-01 4.222285e-01 -1.387281e-03 3.309911e-01 6.681595e-02 -3.766277e-04 2.794267e-03
374            4.882159e-01 -2.424882e-03 3.331707e-01 4.213547e-01 -2.063454e-03 3.303796e-01 6.686120e-02 -3.614276e-04 2.791170e-03
375            4.875225e-01 -3.041816e-03 3.325550e-01 4.206237e-01 -2.696740e-03 3.297605e-01 6.689876e-02 -3.450765e-04 2.794550e-03
376            4.870221e-01 -3.567439e-03 3.319947e-01 4.200937e-01 -3.238527e-03 3.291920e-01 6.692847e-02 -3.289114e-04 2.802756e-03
377            4.868516e-01 -3.939666e-03 3.314292e-01 4.199011e-01 -3.626190e-03 3.286116e-01 6.695048e-02 -3.134763e-04 2.817583e-03
378            4.870059e-01 -4.132979e-03 3.310230e-01 4.200364e-01 -3.832493e-03 3.281862e-01 6.696949e-02 -3.004858e-04 2.836811e-03
379            4.874994e-01 -4.110682e-03 3.308002e-01 4.205152e-01 -3.820817e-03 3.279392e-01 6.698423e-02 -2.898644e-04 2.860962e-03
380            4.882963e-01 -3.872644e-03 3.307365e-01 4.213044e-01 -3.587998e-03 3.278486e-01 6.699193e-02 -2.846463e-04 2.887853e-03
381            4.893673e-01 -3.442970e-03 3.308533e-01 4.223696e-01 -3.154142e-03 3.279431e-01 6.699776e-02 -2.888279e-04 2.910253e-03
382            4.906610e-01 -2.866415e-03 3.312302e-01 4.236659e-01 -2.567377e-03 3.282990e-01 6.699511e-02 -2.990382e-04 2.931166e-03
383            4.920773e-01 -2.208012e-03 3.318372e-01 4.250970e-01 -1.893101e-03 3.288793e-01 6.698024e-02 -3.149110e-04 2.957904e-03
384            4.934864e-01 -1.529027e-03 3.327278e-01 4.265315e-01 -1.190073e-03 3.297379e-01 6.695490e-02 -3.389539e-04 2.989913e-03
385            4.948270e-01 -8.921397e-04 3.337055e-01 4.279020e-01 -5.184773e-04 3.306792e-01 6.692499e-02 -3.736624e-04 3.026306e-03
386            4.960441e-01 -3.656279e-04 3.345953e-01 4.291518e-01 5.488391e-05 3.315330e-01 6.689232e-02 -4.205118e-04 3.062297e-03
387            4.969936e-01 -1.562560e-05 3.353655e-01 4.301327e-01 4.586434e-04 3.322728e-01 6.686089e-02 -4.742690e-04 3.092673e-03
388            4.975788e-01 1.444006e-04 3.360054e-01 4.307502e-01 6.733559e-04 3.329000e-01 6.682865e-02 -5.289553e-04 3.105440e-03
389            4.977629e-01 1.319352e-04 3.365447e-01 4.309649e-01 7.160793e-04 3.334500e-01 6.679797e-02 -5.841441e-04 3.094694e-03
390            4.976138e-01 9.908575e-07 3.369881e-01 4.308476e-01 6.354419e-04 3.339227e-01 6.676620e-02 -6.344510e-04 3.065393e-03
391            4.972770e-01 -1.955688e-04 3.372702e-01 4.305472e-01 4.796196e-04 3.342449e-01 6.672987e-02 -6.751885e-04 3.025294e-03
392            4.969564e-01 -3.964731e-04 3.374132e-01 4.302639e-01 3.053757e-04 3.344299e-01 6.669252e-02 -7.018488e-04 2.983311e-03
393            4.966316e-01 -6.226578e-04 3.374091e-01 4.299754e-01 9.329297e-05 3.344643e-01 6.665625e-02 -7.159508e-04 2.944820e-03
394            4.962700e-01 -9.031562e-04 3.373027e-01 4.296451e-01 -1.828423e-04 3.343912e-01 6.662496e-02 -7.203139e-04 2.911450e-03
395            4.958268e-01 -1.285608e-03 3.371149e-01 4.292197e-01 -5.676874e-04 3.342338e-01 6.660706e-02 -7.179208e-04 2.881138e-03
396            4.952713e-01 -1.748769e-03 3.368839e-01 4.286728e-01 -1.039376e-03 3.340296e-01 6.659849e-02 -7.093928e-04 2.854263e-03
397            4.945805e-01 -2.285122e-03 3.366276e-01 4.279850e-01 -1.589813e-03 3.337987e-01 6.659545e-02 -6.953090e-04 2.828929e-03
398            4.937746e-01 -2.861722e-03 3.363538e-01 4.271786e-01 -2.183044e-03 3.335490e-01 6.659594e-02 -6.786785e-04 2.804807e-03
399            4.929754e-01 -3.497072e-03 3.360444e-01 4.263794e-01 -2.836058e-03 3.332651e-01 6.659598e-02 -6.610136e-04 2.779269e-03
400            4.920749e-01 -4.077511e-03 3.358223e-01 4.254772e-01 -3.437268e-03 3.330721e-01 6.659774e-02 -6.402432e-04 2.750202e-03
401            4.911161e-01 -4.626895e-03 3.356139e-01 4.245059e-01 -4.012609e-03 3.328924e-01 6.661018e-02 -6.142865e-04 2.721516e-03
402            4.901510e-01 -5.129293e-03 3.354363e-01 4.235239e-01 -4.549756e-03 3.327415e-01 6.662712e-02 -5.795375e-04 2.694821e-03
403            4.891842e-01 -5.575520e-03 3.352833e-01 4.225336e-01 -5.040854e-03 3.326135e-01 6.665060e-02 -5.346663e-04 2.669802e-03
404            4.881989e-01 -5.949412e-03 3.350942e-01 4.215133e-01 -5.469236e-03 3.324446e-01 6.668563e-02 -4.801758e-04 2.649628e-03
405            4.872034e-01 -6.249663e-03 3.348311e-01 4.204820e-01 -5.829759e-03 3.321933e-01 6.672148e-02 -4.199034e-04 2.637821e-03
406            4.862274e-01 -6.476941e-03 3.344667e-01 4.194667e-01 -6.120848e-03 3.318336e-01 6.676075e-02 -3.560935e-04 2.633024e-03
407            4.853390e-01 -6.625608e-03 3.340184e-01 4.185325e-01 -6.332655e-03 3.313823e-01 6.680646e-02 -2.929531e-04 2.636133e-03
408            4.846251e-01 -6.681850e-03 3.335167e-01 4.177715e-01 -6.450024e-03 3.308636e-01 6.685363e-02 -2.318260e-04 2.653071e-03
409            4.841733e-01 -6.623427e-03 3.329994e-01 4.172717e-01 -6.448303e-03 3.303182e-01 6.690158e-02 -1.751248e-04 2.681283e-03
410            4.839985e-01 -6.430247e-03 3.324678e-01 4.170603e-01 -6.308541e-03 3.297530e-01 6.693818e-02 -1.217055e-04 2.714839e-03
411            4.841689e-01 -6.110807e-03 3.320115e-01 4.171915e-01 -6.046094e-03 3.292554e-01 6.697741e-02 -6.471366e-05 2.756179e-03
412            4.847117e-01 -5.646417e-03 3.316424e-01 4.177013e-01 -5.640368e-03 3.288444e-01 6.701041e-02 -6.049154e-06 2.798017e-03
413            4.855518e-01 -5.052589e-03 3.314343e-01 4.185084e-01 -5.107322e-03 3.285880e-01 6.704339e-02 5.473237e-05 2.846299e-03
414            4.865448e-01 -4.356578e-03 3.314749e-01 4.194777e-01 -4.470682e-03 3.285764e-01 6.706711e-02 1.141041e-04 2.898555e-03
415            4.876386e-01 -3.545608e-03 3.317622e-01 4.205484e-01 -3.722115e-03 3.288093e-01 6.709023e-02 1.765068e-04 2.952947e-03
416            4.887129e-01 -2.663208e-03 3.322797e-01 4.216065e-01 -2.900593e-03 3.292746e-01 6.710640e-02 2.373853e-04 3.005048e-03
417            4.897127e-01 -1.771850e-03 3.329482e-01 4.225934e-01 -2.065794e-03 3.298969e-01 6.711932e-02 2.939443e-04 3.051307e-03
418            4.906240e-01 -9.108011e-04 3.335952e-01 4.234875e-01 -1.250629e-03 3.305072e-01 6.713649e-02 3.398282e-04 3.088027e-03
419            4.914893e-01 -9.545201e-05 3.343580e-01 4.243394e-01 -4.655717e-04 3.312467e-01 6.714984e-02 3.701197e-04 3.111300e-03
420            4.923338e-01 6.378897e-04 3.351307e-01 4.251701e-01 2.585090e-04 3.320053e-01 6.716368e-02 3.793807e-04 3.125411e-03
421            4.931910e-01 1.269193e-03 3.358583e-01 4.260202e-01 8.982847e-04 3.327258e-01 6.717082e-02 3.709079e-04 3.132450e-03
422            4.940951e-01 1.840118e-03 3.365801e-01 4.269199e-01 1.481326e-03 3.334449e-01 6.717518e-02 3.587914e-04 3.135193e-03
423            4.950776e-01 2.348293e-03 3.372202e-01 4.278923e-01 1.998058e-03 3.340795e-01 6.718533e-02 3.502354e-04 3.140706e-03
424            4.960823e-01 2.810454e-03 3.377331e-01 4.288845e-01 2.469380e-03 3.345815e-01 6.719782e-02 3.410745e-04 3.151633e-03
425            4.970394e-01 3.232634e-03 3.380756e-01 4.298286e-01 2.906493e-03 3.349091e-01 6.721076e-02 3.261416e-04 3.166528e-03
426            4.978722e-01 3.608449e-03 3.382571e-01 4.306490e-01 3.305600e-03 3.350752e-01 6.722323e-02 3.028487e-04 3.181845e-03
427            4.985125e-01 3.896374e-03 3.382912e-01 4.312764e-01 3.621304e-03 3.350982e-01 6.723605e-02 2.750704e-04 3.192966e-03
428            4.989258e-01 4.122511e-03 3.382074e-01 4.316759e-01 3.873740e-03 3.350108e-01 6.724993e-02 2.487712e-04 3.196597e-03
429            4.990903e-01 4.275643e-03 3.380600e-01 4.318310e-01 4.044836e-03 3.348673e-01 6.725932e-02 2.308077e-04 3.192694e-03
430            4.990510e-01 4.421971e-03 3.378934e-01 4.317927e-01 4.199938e-03 3.347085e-01 6.725826e-02 2.220329e-04 3.184968e-03
431            4.988652e-01 4.555525e-03 3.377163e-01 4.316182e-01 4.337276e-03 3.345438e-01 6.724693e-02 2.182489e-04 3.172497e-03
432            4.985160e-01 4.725158e-03 3.375129e-01 4.312904e-01 4.509847e-03 3.343555e-01 6.722557e-02 2.153106e-04 3.157363e-03
433            4.980020e-01 4.898632e-03 3.372648e-01 4.307970e-01 4.693868e-03 3.341243e-01 6.720495e-02 2.047635e-04 3.140530e-03
434            4.973736e-01 5.081858e-03 3.369605e-01 4.301867e-01 4.897586e-03 3.338376e-01 6.718692e-02 1.842716e-04 3.122925e-03
435            4.967060e-01 5.223622e-03 3.366303e-01 4.295350e-01 5.070268e-03 3.335256e-01 6.717095e-02 1.533536e-04 3.104662e-03
436            4.960632e-01 5.332177e-03 3.363284e-01 4.289105e-01 5.217432e-03 3.332420e-01 6.715278e-02 1.147442e-04 3.086398e-03
437            4.954815e-01 5.364857e-03 3.360919e-01 4.283491e-01 5.294639e-03 3.330208e-01 6.713241e-02 7.021799e-05 3.071139e-03
438            4.949707e-01 5.316366e-03 3.359173e-01 4.278635e-01 5.295251e-03 3.328581e-01 6.710725e-02 2.111486e-05 3.059201e-03
439            4.945725e-01 5.183170e-03 3.357958e-01 4.274952e-01 5.213477e-03 3.327469e-01 6.707724e-02 -3.030696e-05 3.048899e-03
440            4.943441e-01 4.986083e-03 3.357628e-01 4.273031e-01 5.064865e-03 3.327213e-01 6.704103e-02 -7.878212e-05 3.041444e-03
441            4.943071e-01 4.734497e-03 3.358499e-01 4.273056e-01 4.853562e-03 3.328153e-01 6.700156e-02 -1.190654e-04 3.034654e-03
442            4.944862e-01 4.474683e-03 3.360166e-01 4.275291e-01 4.620663e-03 3.329886e-01 6.695708e-02 -1.459794e-04 3.027978e-03
443            4.948570e-01 4.203865e-03 3.362511e-01 4.279463e-01 4.360797e-03 3.332298e-01 6.691075e-02 -1.569320e-04 3.021332e-03
444            4.953823e-01 3.971937e-03 3.365614e-01 4.285144e-01 4.121938e-03 3.335468e-01 6.686785e-02 -1.500013e-04 3.014567e-03
445            4.960125e-01 3.785747e-03 3.369366e-01 4.291791e-01 3.913593e-03 3.339266e-01 6.683338e-02 -1.278466e-04 3.009944e-03
446            4.966813e-01 3.689503e-03 3.373552e-01 4.298713e-01 3.781562e-03 3.343478e-01 6.681001e-02 -9.205839e-05 3.007330e-03
447            4.973270e-01 3.666221e-03 3.377981e-01 4.305303e-01 3.712680e-03 3.347914e-01 6.679672e-02 -4.645954e-05 3.006745e-03
448            4.978670e-01 3.723995e-03 3.382431e-01 4.310782e-01 3.720202e-03 3.352384e-01 6.678876e-02 3.793201e-06 3.004729e-03
449            4.982468e-01 3.807428e-03 3.386461e-01 4.314640e-01 3.756259e-03 3.356462e-01 6.678282e-02 5.116947e-05 2.999968e-03
450            4.984302e-01 3.898372e-03 3.389620e-01 4.316496e-01 3.808170e-03 3.359708e-01 6.678063e-02 9.020227e-05 2.991195e-03
451            4.984120e-01 3.967620e-03 3.391650e-01 4.316313e-01 3.848730e-03 3.361843e-01 6.678073e-02 1.188898e-04 2.980681e-03
452            4.982077e-01 4.032021e-03 3.392444e-01 4.314231e-01 3.892298e-03 3.362760e-01 6.678465e-02 1.397225e-04 2.968436e-03
453            4.978273e-01 4.073174e-03 3.392161e-01 4.310395e-01 3.918091e-03 3.362610e-01 6.678785e-02 1.550833e-04 2.955080e-03
454            4.973055e-01 4.112558e-03 3.390872e-01 4.305163e-01 3.943762e-03 3.361488e-01 6.678925e-02 1.687963e-04 2.938435e-03
455            4.966943e-01 4.140129e-03 3.388866e-01 4.299083e-01 3.956928e-03 3.359663e-01 6.678599e-02 1.832009e-04 2.920312e-03
456            4.960543e-01 4.170479e-03 3.386313e-01 4.292779e-01 3.972642e-03 3.357285e-01 6.677634e-02 1.978363e-04 2.902823e-03
457            4.954426e-01 4.190463e-03 3.383503e-01 4.286797e-01 3.977904e-03 3.354604e-01 6.676286e-02 2.125590e-04 2.889904e-03
458            4.949052e-01 4.201872e-03 3.380710e-01 4.281540e-01 3.973937e-03 3.351879e-01 6.675113e-02 2.279356e-04 2.883122e-03
459            4.944590e-01 4.194293e-03 3.378038e-01 4.277182e-01 3.951217e-03 3.349195e-01 6.674083e-02 2.430755e-04 2.884291e-03
460            4.941037e-01 4.179428e-03 3.375477e-01 4.273701e-01 3.921168e-03 3.346557e-01 6.673358e-02 2.582602e-04 2.891942e-03
461            4.938451e-01 4.162206e-03 3.373104e-01 4.271160e-01 3.888511e-03 3.344052e-01 6.672907e-02 2.736952e-04 2.905262e-03
462            4.936750e-01 4.138257e-03 3.370850e-01 4.269521e-01 3.850579e-03 3.341645e-01 6.672290e-02 2.876778e-04 2.920531e-03
463            4.935809e-01 4.099125e-03 3.368751e-01 4.268640e-01 3.799495e-03 3.339402e-01 6.671686e-02 2.996299e-04 2.934892e-03
464            4.935708e-01 4.047757e-03 3.366987e-01 4.268616e-01 3.737014e-03 3.337514e-01 6.670915e-02 3.107427e-04 2.947212e-03
465            4.936356e-01 3.968399e-03 3.365333e-01 4.269369e-01 3.648905e-03 3.335775e-01 6.669875e-02 3.194934e-04 2.955763e-03
466            4.937566e-01 3.864504e-03 3.363828e-01 4.270707e-01 3.541931e-03 3.334232e-01 6.668596e-02 3.225732e-04 2.959638e-03
467            4.939142e-01 3.726974e-03 3.362743e-01 4.272432e-01 3.407451e-03 3.333142e-01 6.667099e-02 3.195224e-04 2.960062e-03
468            4.940961e-01 3.551970e-03 3.361963e-01 4.274404e-01 3.241883e-03 3.332399e-01 6.665572e-02 3.100874e-04 2.956462e-03
469            4.942771e-01 3.320544e-03 3.361610e-01 4.276379e-01 3.025885e-03 3.332098e-01 6.663921e-02 2.946587e-04 2.951187e-03
470            4.944378e-01 3.029175e-03 3.361669e-01 4.278175e-01 2.755515e-03 3.332231e-01 6.662026e-02 2.736597e-04 2.943827e-03
471            4.945672e-01 2.675679e-03 3.361947e-01 4.279684e-01 2.427740e-03 3.332610e-01 6.659883e-02 2.479390e-04 2.933732e-03
472            4.946767e-01 2.272276e-03 3.362425e-01 4.281015e-01 2.054098e-03 3.333193e-01 6.657513e-02 2.181777e-04 2.923181e-03
473            4.947790e-01 1.819493e-03 3.363184e-01 4.282284e-01 1.633585e-03 3.334041e-01 6.655067e-02 1.859080e-04 2.914354e-03
474            4.948918e-01 1.336669e-03 3.364106e-01 4.283668e-01 1.186280e-03 3.335036e-01 6.652502e-02 1.503892e-04 2.906948e-03
475            4.950261e-01 8.356299e-04 3.365016e-01 4.285253e-01 7.243234e-04 3.336004e-01 6.650074e-02 1.113065e-04 2.901232e-03
476            4.951940e-01 3.397666e-04 3.365989e-01 4.287146e-01 2.709369e-04 3.336989e-01 6.647944e-02 6.882972e-05 2.899927e-03
477            4.953967e-01 -1.537398e-04 3.367037e-01 4.289357e-01 -1.783872e-04 3.338004e-01 6.646100e-02 2.464734e-05 2.903317e-03
478            4.956189e-01 -6.301640e-04 3.368138e-01 4.291732e-01 -6.095541e-04 3.339018e-01 6.644563e-02 -2.060983e-05 2.911945e-03
479            4.958294e-01 -1.106869e-03 3.369091e-01 4.293977e-01 -1.041596e-03 3.339853e-01 6.643172e-02 -6.527353e-05 2.923801e-03
480            4.960131e-01 -1.555174e-03 3.369484e-01 4.295950e-01 -1.447181e-03 3.340108e-01 6.641813e-02 -1.079932e-04 2.937629e-03
481            4.961504e-01 -1.982596e-03 3.369074e-01 4.297508e-01 -1.833176e-03 3.339568e-01 6.639956e-02 -1.494203e-04 2.950587e-03
482            4.962524e-01 -2.366935e-03 3.367958e-01 4.298786e-01 -2.174762e-03 3.338357e-01 6.637383e-02 -1.921721e-04 2.960122e-03
483            4.963534e-01 -2.724769e-03 3.366422e-01 4.300108e-01 -2.486976e-03 3.336796e-01 6.634261e-02 -2.377926e-04 2.962599e-03
484            4.964971e-01 -3.050212e-03 3.364719e-01 4.301874e-01 -2.764687e-03 3.335142e-01 6.630973e-02 -2.855251e-04 2.957778e-03
485            4.966581e-01 -3.390345e-03 3.363263e-01 4.303803e-01 -3.053481e-03 3.333782e-01 6.627782e-02 -3.368644e-04 2.948090e-03
486            4.967986e-01 -3.741840e-03 3.362321e-01 4.305495e-01 -3.350676e-03 3.332931e-01 6.624915e-02 -3.911641e-04 2.938987e-03
487            4.968627e-01 -4.104405e-03 3.361923e-01 4.306367e-01 -3.658000e-03 3.332597e-01 6.622605e-02 -4.464049e-04 2.932671e-03
488            4.968252e-01 -4.433031e-03 3.361740e-01 4.306160e-01 -3.932295e-03 3.332437e-01 6.620917e-02 -5.007361e-04 2.930344e-03
489            4.966923e-01 -4.711809e-03 3.361265e-01 4.304936e-01 -4.162305e-03 3.331968e-01 6.619872e-02 -5.495039e-04 2.929710e-03
490            4.964819e-01 -4.937135e-03 3.360247e-01 4.302870e-01 -4.347864e-03 3.330931e-01 6.619487e-02 -5.892706e-04 2.931619e-03
491            4.962213e-01 -5.096090e-03 3.358564e-01 4.300246e-01 -4.478270e-03 3.329226e-01 6.619672e-02 -6.178197e-04 2.933804e-03
492            4.959368e-01 -5.218832e-03 3.356473e-01 4.297321e-01 -4.581511e-03 3.327102e-01 6.620472e-02 -6.373212e-04 2.937058e-03
493            4.956516e-01 -5.310912e-03 3.354195e-01 4.294339e-01 -4.661380e-03 3.324788e-01 6.621775e-02 -6.495323e-04 2.940688e-03
494            4.953801e-01 -5.386675e-03 3.351930e-01 4.291457e-01 -4.729633e-03 3.322485e-01 6.623435e-02 -6.570417e-04 2.944486e-03
495            4.951290e-01 -5.441881e-03 3.349906e-01 4.288768e-01 -4.780909e-03 3.320445e-01 6.625221e-02 -6.609714e-04 2.946093e-03
496            4.949054e-01 -5.474477e-03 3.348132e-01 4.286365e-01 -4.812969e-03 3.318671e-01 6.626886e-02 -6.615085e-04 2.946078e-03
497            4.947033e-01 -5.462282e-03 3.346703e-01 4.284195e-01 -4.804702e-03 3.317271e-01 6.628384e-02 -6.575792e-04 2.943147e-03
498            4.945167e-01 -5.386640e-03 3.345710e-01 4.282214e-01 -4.738614e-03 3.316338e-01 6.629522e-02 -6.480254e-04 2.937194e-03
499            4.943456e-01 -5.235947e-03 3.345030e-01 4.280417e-01 -4.604015e-03 3.315763e-01 6.630392e-02 -6.319328e-04 2.926633e-03
500            4.942039e-01 -5.010296e-03 3.344498e-01 4.278946e-01 -4.399598e-03 3.315360e-01 6.630937e-02 -6.106982e-04 2.913795e-03
