# Moment      
# CofR        : (-1.000000e+01 0.000000e+00 0.000000e+00)
#
# Time        	total_x total_y total_z	pressure_x pressure_y pressure_z	viscous_x viscous_y viscous_z
1              -5.381935e-05 -1.658292e+02 4.271826e-02 -5.373844e-05 -1.658491e+02 4.270159e-02 -8.091069e-08 1.988408e-02 1.667026e-05
2              -1.577029e-03 -5.290178e+01 4.578661e-01 -1.557417e-03 -5.302211e+01 4.546187e-01 -1.961287e-05 1.203315e-01 3.247450e-03
3              -9.086470e-03 -1.860069e+01 2.890090e+00 -9.081835e-03 -1.928968e+01 2.880424e+00 -4.635925e-06 6.889965e-01 9.665428e-03
4              -1.438645e-02 1.407707e+02 4.528203e+00 -1.446086e-02 1.406936e+02 4.536955e+00 7.440820e-05 7.712568e-02 -8.751638e-03
5              -5.280066e-03 2.397784e+01 2.715915e+00 -5.310804e-03 2.428812e+01 2.719194e+00 3.073827e-05 -3.102810e-01 -3.279550e-03
6              -4.746335e-03 -8.811945e+01 2.414422e+00 -4.672506e-03 -8.766679e+01 2.394542e+00 -7.382885e-05 -4.526568e-01 1.987997e-02
7              -6.972875e-03 -1.280098e+02 2.185205e+00 -6.938924e-03 -1.272665e+02 2.164064e+00 -3.395079e-05 -7.433657e-01 2.114168e-02
8              -8.793202e-03 -9.854222e+01 2.160065e+00 -8.725126e-03 -9.752928e+01 2.128254e+00 -6.807578e-05 -1.012939e+00 3.181015e-02
9              -8.285000e-03 -5.444991e+01 1.962521e+00 -8.184488e-03 -5.342078e+01 1.914932e+00 -1.005121e-04 -1.029130e+00 4.758914e-02
10             -8.076706e-03 -2.585381e+00 1.218289e+00 -7.832272e-03 -1.725126e+00 1.156578e+00 -2.444348e-04 -8.602546e-01 6.171158e-02
11             -4.518452e-03 3.958475e+01 9.150059e-03 -4.296057e-03 4.015456e+01 -4.858958e-02 -2.223953e-04 -5.698099e-01 5.773964e-02
12             1.044017e-03 6.535598e+01 -1.181515e+00 1.298590e-03 6.567066e+01 -1.242368e+00 -2.545731e-04 -3.146825e-01 6.085269e-02
13             9.699631e-03 7.570893e+01 -2.414910e+00 9.885532e-03 7.583542e+01 -2.464116e+00 -1.859012e-04 -1.264876e-01 4.920592e-02
14             1.510452e-02 7.551561e+01 -3.249325e+00 1.530971e-02 7.555157e+01 -3.299470e+00 -2.051919e-04 -3.595921e-02 5.014462e-02
15             1.654871e-02 6.870927e+01 -3.001899e+00 1.679725e-02 6.866520e+01 -3.060001e+00 -2.485377e-04 4.407134e-02 5.810249e-02
16             1.997479e-02 5.880231e+01 -3.060077e+00 2.025266e-02 5.870549e+01 -3.118531e+00 -2.778671e-04 9.681731e-02 5.845451e-02
17             2.202340e-02 5.145684e+01 -2.991725e+00 2.230679e-02 5.130300e+01 -3.057830e+00 -2.833877e-04 1.538328e-01 6.610509e-02
18             2.125054e-02 4.512605e+01 -2.719176e+00 2.155218e-02 4.492927e+01 -2.792215e+00 -3.016386e-04 1.967783e-01 7.303932e-02
19             1.785206e-02 3.956813e+01 -2.254494e+00 1.812561e-02 3.935723e+01 -2.319703e+00 -2.735561e-04 2.108996e-01 6.520922e-02
20             1.220815e-02 3.264572e+01 -1.495762e+00 1.245277e-02 3.245879e+01 -1.555620e+00 -2.446184e-04 1.869264e-01 5.985822e-02
21             6.854263e-03 2.404379e+01 -6.471609e-01 7.142766e-03 2.387818e+01 -7.123225e-01 -2.885035e-04 1.656084e-01 6.516155e-02
22             3.024858e-03 1.474643e+01 1.810031e-01 3.280099e-03 1.464332e+01 1.232733e-01 -2.552412e-04 1.031073e-01 5.772974e-02
23             -2.801967e-04 6.882182e+00 1.016278e+00 -4.366715e-05 6.820568e+00 9.577521e-01 -2.365296e-04 6.161346e-02 5.852593e-02
24             -2.233229e-03 1.304972e+00 1.599334e+00 -2.014225e-03 1.264338e+00 1.543686e+00 -2.190046e-04 4.063420e-02 5.564829e-02
25             -3.411156e-03 -2.179950e+00 1.899827e+00 -3.148383e-03 -2.203776e+00 1.837319e+00 -2.627731e-04 2.382621e-02 6.250787e-02
26             -3.740062e-03 -3.786824e+00 1.936232e+00 -3.467885e-03 -3.803503e+00 1.875888e+00 -2.721769e-04 1.667897e-02 6.034376e-02
27             -3.609829e-03 -4.640409e+00 1.775234e+00 -3.300717e-03 -4.649455e+00 1.710881e+00 -3.091121e-04 9.045933e-03 6.435356e-02
28             -2.732742e-03 -5.208583e+00 1.395196e+00 -2.431604e-03 -5.217732e+00 1.337772e+00 -3.011376e-04 9.149306e-03 5.742455e-02
29             -2.250498e-03 -5.411569e+00 1.088471e+00 -1.937246e-03 -5.421471e+00 1.026788e+00 -3.132521e-04 9.901453e-03 6.168309e-02
30             -2.440048e-03 -5.110026e+00 1.009510e+00 -2.145931e-03 -5.124123e+00 9.503417e-01 -2.941175e-04 1.409636e-02 5.916804e-02
31             -3.185432e-03 -4.651940e+00 1.160775e+00 -2.911258e-03 -4.668805e+00 1.097695e+00 -2.741734e-04 1.686555e-02 6.308014e-02
32             -3.743534e-03 -4.080320e+00 1.367016e+00 -3.508883e-03 -4.101989e+00 1.306793e+00 -2.346505e-04 2.166881e-02 6.022292e-02
33             -3.577177e-03 -3.646307e+00 1.453347e+00 -3.367907e-03 -3.667873e+00 1.390658e+00 -2.092702e-04 2.156623e-02 6.268947e-02
34             -2.905058e-03 -3.464425e+00 1.348269e+00 -2.722227e-03 -3.486251e+00 1.289540e+00 -1.828317e-04 2.182634e-02 5.872921e-02
35             -2.221603e-03 -3.564161e+00 1.113323e+00 -2.053308e-03 -3.585914e+00 1.057967e+00 -1.682949e-04 2.175237e-02 5.535601e-02
36             -1.851868e-03 -3.904711e+00 8.232551e-01 -1.708408e-03 -3.925202e+00 7.747629e-01 -1.434599e-04 2.049115e-02 4.849225e-02
37             -1.648171e-03 -4.404638e+00 5.237675e-01 -1.540383e-03 -4.424217e+00 4.839380e-01 -1.077880e-04 1.957868e-02 3.982947e-02
38             -1.415144e-03 -4.921648e+00 2.438547e-01 -1.353112e-03 -4.938553e+00 2.146993e-01 -6.203116e-05 1.690481e-02 2.915539e-02
39             -9.387212e-04 -5.366978e+00 -9.817381e-03 -9.174770e-04 -5.380651e+00 -2.895583e-02 -2.124423e-05 1.367330e-02 1.913845e-02
40             -3.993529e-04 -5.707693e+00 -2.134765e-01 -4.172293e-04 -5.717744e+00 -2.225312e-01 1.787644e-05 1.005186e-02 9.054762e-03
41             -5.670504e-05 -5.926282e+00 -3.507977e-01 -1.010082e-04 -5.934219e+00 -3.529082e-01 4.430316e-05 7.937070e-03 2.110519e-03
42             2.437780e-04 -6.093042e+00 -4.599236e-01 1.783315e-04 -6.099223e+00 -4.562059e-01 6.544653e-05 6.181385e-03 -3.717687e-03
43             4.254396e-04 -6.139401e+00 -5.362371e-01 3.428530e-04 -6.145283e+00 -5.291684e-01 8.258662e-05 5.881607e-03 -7.068699e-03
44             6.151262e-04 -6.133319e+00 -5.907277e-01 5.166187e-04 -6.138078e+00 -5.821273e-01 9.850753e-05 4.759634e-03 -8.600360e-03
45             9.068931e-04 -6.098900e+00 -6.248167e-01 7.995277e-04 -6.102543e+00 -6.165759e-01 1.073654e-04 3.643440e-03 -8.240860e-03
46             1.116960e-03 -6.059711e+00 -6.261351e-01 1.007237e-03 -6.062074e+00 -6.187066e-01 1.097234e-04 2.362726e-03 -7.428457e-03
47             1.081008e-03 -5.985404e+00 -5.831710e-01 9.723906e-04 -5.986176e+00 -5.765743e-01 1.086172e-04 7.723132e-04 -6.596659e-03
48             7.185587e-04 -5.860513e+00 -4.849921e-01 6.172441e-04 -5.859239e+00 -4.796508e-01 1.013146e-04 -1.274756e-03 -5.341317e-03
49             -9.737884e-06 -5.667396e+00 -3.219224e-01 -1.028535e-04 -5.663697e+00 -3.176291e-01 9.311563e-05 -3.698224e-03 -4.293270e-03
50             -9.903332e-04 -5.446393e+00 -9.932679e-02 -1.069684e-03 -5.439765e+00 -9.737762e-02 7.935083e-05 -6.627985e-03 -1.949173e-03
51             -2.028137e-03 -5.224273e+00 1.515629e-01 -2.092702e-03 -5.215185e+00 1.509778e-01 6.456494e-05 -9.088397e-03 5.850521e-04
52             -2.901535e-03 -5.016317e+00 3.834126e-01 -2.947332e-03 -5.005207e+00 3.793097e-01 4.579624e-05 -1.110928e-02 4.102874e-03
53             -3.424479e-03 -4.835541e+00 5.468626e-01 -3.453574e-03 -4.823141e+00 5.399503e-01 2.909527e-05 -1.239976e-02 6.912244e-03
54             -3.562626e-03 -4.682094e+00 6.244813e-01 -3.576150e-03 -4.668243e+00 6.148820e-01 1.352478e-05 -1.385151e-02 9.599291e-03
55             -3.370651e-03 -4.548721e+00 6.238446e-01 -3.372448e-03 -4.533474e+00 6.127332e-01 1.796840e-06 -1.524783e-02 1.111138e-02
56             -2.963958e-03 -4.438477e+00 5.706223e-01 -2.955976e-03 -4.421635e+00 5.583381e-01 -7.981925e-06 -1.684104e-02 1.228422e-02
57             -2.442218e-03 -4.348678e+00 4.843120e-01 -2.428260e-03 -4.330273e+00 4.715948e-01 -1.395821e-05 -1.840525e-02 1.271722e-02
58             -1.858026e-03 -4.274432e+00 3.766833e-01 -1.839494e-03 -4.254291e+00 3.637388e-01 -1.853174e-05 -2.014077e-02 1.294453e-02
59             -1.235446e-03 -4.203523e+00 2.534857e-01 -1.215019e-03 -4.181953e+00 2.408614e-01 -2.042662e-05 -2.156925e-02 1.262428e-02
60             -6.103832e-04 -4.127434e+00 1.239129e-01 -5.887118e-04 -4.104479e+00 1.118809e-01 -2.167143e-05 -2.295535e-02 1.203198e-02
61             -9.714756e-06 -4.044870e+00 -2.409134e-03 1.348432e-05 -4.020834e+00 -1.367431e-02 -2.319908e-05 -2.403535e-02 1.126517e-02
62             5.374848e-04 -3.958050e+00 -1.162299e-01 5.632193e-04 -3.932865e+00 -1.267269e-01 -2.573456e-05 -2.518487e-02 1.049702e-02
63             1.001713e-03 -3.867078e+00 -2.113444e-01 1.029521e-03 -3.840790e+00 -2.208547e-01 -2.780784e-05 -2.628846e-02 9.510332e-03
64             1.356387e-03 -3.773022e+00 -2.833465e-01 1.385470e-03 -3.745458e+00 -2.919380e-01 -2.908354e-05 -2.756401e-02 8.591498e-03
65             1.589163e-03 -3.686229e+00 -3.310548e-01 1.617401e-03 -3.657301e+00 -3.384384e-01 -2.823774e-05 -2.892847e-02 7.383664e-03
66             1.721560e-03 -3.594627e+00 -3.597264e-01 1.747804e-03 -3.564159e+00 -3.660145e-01 -2.624406e-05 -3.046846e-02 6.288111e-03
67             1.769615e-03 -3.468046e+00 -3.711160e-01 1.791863e-03 -3.436233e+00 -3.759807e-01 -2.224752e-05 -3.181240e-02 4.864667e-03
68             1.714602e-03 -3.401795e+00 -3.635308e-01 1.732335e-03 -3.368553e+00 -3.670542e-01 -1.773248e-05 -3.324218e-02 3.523340e-03
69             1.578745e-03 -3.328672e+00 -3.404256e-01 1.591341e-03 -3.294186e+00 -3.425383e-01 -1.259632e-05 -3.448573e-02 2.112700e-03
70             1.366480e-03 -3.251576e+00 -3.047376e-01 1.373409e-03 -3.215880e+00 -3.055603e-01 -6.929199e-06 -3.569562e-02 8.226910e-04
71             1.087024e-03 -3.169151e+00 -2.599552e-01 1.088310e-03 -3.132480e+00 -2.595679e-01 -1.285448e-06 -3.667071e-02 -3.873646e-04
72             7.553340e-04 -3.080787e+00 -2.096990e-01 7.512472e-04 -3.043194e+00 -2.082863e-01 4.086784e-06 -3.759258e-02 -1.412711e-03
73             3.973821e-04 -2.989413e+00 -1.578744e-01 3.885883e-04 -2.951131e+00 -1.556145e-01 8.793852e-06 -3.828196e-02 -2.259940e-03
74             4.281769e-05 -2.902217e+00 -1.079076e-01 3.013357e-05 -2.863345e+00 -1.049863e-01 1.268412e-05 -3.887208e-02 -2.921322e-03
75             -2.705794e-04 -2.827223e+00 -6.401341e-02 -2.863935e-04 -2.787926e+00 -6.057312e-02 1.581415e-05 -3.929655e-02 -3.440293e-03
76             -5.101444e-04 -2.771189e+00 -2.998087e-02 -5.287702e-04 -2.731546e+00 -2.612565e-02 1.862585e-05 -3.964345e-02 -3.855225e-03
77             -6.580950e-04 -2.736030e+00 -7.917457e-03 -6.793078e-04 -2.696110e+00 -3.692096e-03 2.121281e-05 -3.992003e-02 -4.225361e-03
78             -7.152401e-04 -2.718420e+00 2.519492e-03 -7.390863e-04 -2.678249e+00 7.102786e-03 2.384613e-05 -4.017083e-02 -4.583295e-03
79             -6.962075e-04 -2.712596e+00 3.090621e-03 -7.227392e-04 -2.672212e+00 8.026881e-03 2.653166e-05 -4.038320e-02 -4.936261e-03
80             -6.207593e-04 -2.712701e+00 -3.958824e-03 -6.501802e-04 -2.672148e+00 1.336947e-03 2.942096e-05 -4.055338e-02 -5.295771e-03
81             -5.136744e-04 -2.713739e+00 -1.580615e-02 -5.460542e-04 -2.673079e+00 -1.015812e-02 3.237984e-05 -4.065986e-02 -5.648025e-03
82             -3.987229e-04 -2.712114e+00 -2.975163e-02 -4.339935e-04 -2.671421e+00 -2.377189e-02 3.527058e-05 -4.069300e-02 -5.979741e-03
83             -2.980328e-04 -2.705468e+00 -4.313506e-02 -3.358666e-04 -2.664822e+00 -3.687106e-02 3.783376e-05 -4.064634e-02 -6.263996e-03
84             -2.282560e-04 -2.692395e+00 -5.368691e-02 -2.681791e-04 -2.651873e+00 -4.720027e-02 3.992312e-05 -4.052166e-02 -6.486643e-03
85             -2.021893e-04 -2.672662e+00 -5.922370e-02 -2.433639e-04 -2.632357e+00 -5.261346e-02 4.117453e-05 -4.030498e-02 -6.610239e-03
86             -2.214436e-04 -2.647484e+00 -5.866408e-02 -2.629000e-04 -2.607482e+00 -5.204031e-02 4.145645e-05 -4.000244e-02 -6.623775e-03
87             -2.806487e-04 -2.620133e+00 -5.167071e-02 -3.213106e-04 -2.580513e+00 -4.516174e-02 4.066190e-05 -3.961967e-02 -6.508974e-03
88             -3.650961e-04 -2.595948e+00 -3.913219e-02 -4.039153e-04 -2.556748e+00 -3.287416e-02 3.881919e-05 -3.920082e-02 -6.258038e-03
89             -4.581721e-04 -2.580922e+00 -2.265967e-02 -4.941953e-04 -2.542128e+00 -1.679283e-02 3.602322e-05 -3.879329e-02 -5.866840e-03
90             -5.388875e-04 -2.580084e+00 -5.121726e-03 -5.714801e-04 -2.541622e+00 2.438721e-04 3.259264e-05 -3.846110e-02 -5.365598e-03
91             -5.935736e-04 -2.595168e+00 1.084485e-02 -6.224183e-04 -2.556939e+00 1.562933e-02 2.884469e-05 -3.822927e-02 -4.784485e-03
92             -6.159882e-04 -2.622446e+00 2.335374e-02 -6.412312e-04 -2.584354e+00 2.755164e-02 2.524300e-05 -3.809171e-02 -4.197906e-03
93             -6.014807e-04 -2.661953e+00 3.035586e-02 -6.236025e-04 -2.623939e+00 3.400448e-02 2.212180e-05 -3.801399e-02 -3.648619e-03
94             -5.534518e-04 -2.707275e+00 3.075010e-02 -5.732104e-04 -2.669315e+00 3.392960e-02 1.975854e-05 -3.796043e-02 -3.179501e-03
95             -4.939070e-04 -2.750612e+00 2.743060e-02 -5.122669e-04 -2.712747e+00 3.025164e-02 1.835990e-05 -3.786426e-02 -2.821041e-03
96             -4.268681e-04 -2.788640e+00 2.041551e-02 -4.448169e-04 -2.750948e+00 2.300476e-02 1.794875e-05 -3.769189e-02 -2.589254e-03
97             -3.616099e-04 -2.818958e+00 1.091342e-02 -3.799170e-04 -2.781543e+00 1.338212e-02 1.830708e-05 -3.741416e-02 -2.468701e-03
98             -3.059963e-04 -2.840530e+00 3.936476e-04 -3.251369e-04 -2.803501e+00 2.831552e-03 1.914056e-05 -3.702936e-02 -2.437904e-03
99             -2.681840e-04 -2.853829e+00 -9.269866e-03 -2.883589e-04 -2.817285e+00 -6.803605e-03 2.017491e-05 -3.654362e-02 -2.466261e-03
100            -2.526558e-04 -2.860832e+00 -1.645806e-02 -2.738495e-04 -2.824852e+00 -1.392932e-02 2.119369e-05 -3.597929e-02 -2.528735e-03
101            -2.618503e-04 -2.864799e+00 -1.970856e-02 -2.839025e-04 -2.829425e+00 -1.711241e-02 2.205213e-05 -3.537434e-02 -2.596147e-03
102            -2.928708e-04 -2.869604e+00 -1.833534e-02 -3.155569e-04 -2.834837e+00 -1.568825e-02 2.268604e-05 -3.476705e-02 -2.647087e-03
103            -3.397787e-04 -2.878741e+00 -1.247009e-02 -3.629046e-04 -2.844535e+00 -9.802421e-03 2.312586e-05 -3.420632e-02 -2.667672e-03
104            -3.917327e-04 -2.895070e+00 -3.411646e-03 -4.152082e-04 -2.861353e+00 -7.480251e-04 2.347546e-05 -3.371755e-02 -2.663621e-03
105            -4.403463e-04 -2.917318e+00 7.327356e-03 -4.641413e-04 -2.884002e+00 9.963484e-03 2.379492e-05 -3.331610e-02 -2.636128e-03
106            -4.777030e-04 -2.945299e+00 1.809982e-02 -5.018924e-04 -2.912307e+00 2.070334e-02 2.418940e-05 -3.299173e-02 -2.603527e-03
107            -4.968859e-04 -2.974661e+00 2.678888e-02 -5.216549e-04 -2.941932e+00 2.937553e-02 2.476900e-05 -3.272899e-02 -2.586650e-03
108            -4.944475e-04 -3.002642e+00 3.203166e-02 -5.200081e-04 -2.970140e+00 3.463392e-02 2.556062e-05 -3.250175e-02 -2.602266e-03
109            -4.727508e-04 -3.026402e+00 3.343668e-02 -4.992853e-04 -2.994122e+00 3.609026e-02 2.653446e-05 -3.228031e-02 -2.653576e-03
110            -4.362546e-04 -3.044127e+00 3.113794e-02 -4.638709e-04 -3.012091e+00 3.387851e-02 2.761630e-05 -3.203652e-02 -2.740569e-03
111            -3.923902e-04 -3.055384e+00 2.591873e-02 -4.210975e-04 -3.023634e+00 2.877393e-02 2.870727e-05 -3.175087e-02 -2.855199e-03
112            -3.482165e-04 -3.061061e+00 1.882406e-02 -3.778899e-04 -3.029644e+00 2.180940e-02 2.967345e-05 -3.141684e-02 -2.985346e-03
113            -3.112674e-04 -3.063021e+00 1.121715e-02 -3.416565e-04 -3.031983e+00 1.433174e-02 3.038911e-05 -3.103880e-02 -3.114596e-03
114            -2.866045e-04 -3.063720e+00 4.366417e-03 -3.173644e-04 -3.033088e+00 7.594097e-03 3.075987e-05 -3.063233e-02 -3.227680e-03
115            -2.775061e-04 -3.065642e+00 -5.346316e-04 -3.082275e-04 -3.035427e+00 2.773992e-03 3.072144e-05 -3.021567e-02 -3.308624e-03
116            -2.837807e-04 -3.070835e+00 -2.738410e-03 -3.140339e-04 -3.041021e+00 6.055368e-04 3.025318e-05 -2.981448e-02 -3.343946e-03
117            -3.020197e-04 -3.080463e+00 -2.075713e-03 -3.313971e-04 -3.051018e+00 1.250350e-03 2.937740e-05 -2.944514e-02 -3.326063e-03
118            -3.263279e-04 -3.094583e+00 1.016074e-03 -3.544910e-04 -3.065462e+00 4.269539e-03 2.816310e-05 -2.912147e-02 -3.253465e-03
119            -3.496378e-04 -3.112149e+00 5.608910e-03 -3.763371e-04 -3.083302e+00 8.741435e-03 2.669934e-05 -2.884686e-02 -3.132525e-03
120            -3.652900e-04 -3.131291e+00 1.054569e-02 -3.904078e-04 -3.102676e+00 1.352340e-02 2.511772e-05 -2.861476e-02 -2.977711e-03
121            -3.685922e-04 -3.149759e+00 1.470785e-02 -3.921407e-04 -3.121342e+00 1.751268e-02 2.354849e-05 -2.841712e-02 -2.804830e-03
122            -3.568858e-04 -3.165407e+00 1.714733e-02 -3.789417e-04 -3.137176e+00 1.977684e-02 2.205586e-05 -2.823128e-02 -2.629513e-03
123            -3.306976e-04 -3.176825e+00 1.733715e-02 -3.514055e-04 -3.148776e+00 1.980111e-02 2.070787e-05 -2.804889e-02 -2.463962e-03
124            -2.926882e-04 -3.183625e+00 1.512915e-02 -3.122235e-04 -3.155772e+00 1.744886e-02 1.953528e-05 -2.785260e-02 -2.319710e-03
125            -2.475379e-04 -3.186512e+00 1.077411e-02 -2.660292e-04 -3.158864e+00 1.297087e-02 1.849132e-05 -2.764757e-02 -2.196765e-03
126            -2.006423e-04 -3.187014e+00 4.835422e-03 -2.181711e-04 -3.159586e+00 6.931962e-03 1.752876e-05 -2.742822e-02 -2.096540e-03
127            -1.574730e-04 -3.187110e+00 -1.855040e-03 -1.740707e-04 -3.159897e+00 1.597392e-04 1.659775e-05 -2.721315e-02 -2.014779e-03
128            -1.230124e-04 -3.188610e+00 -8.331524e-03 -1.386624e-04 -3.161601e+00 -6.386716e-03 1.565003e-05 -2.700853e-02 -1.944808e-03
129            -1.005149e-04 -3.192816e+00 -1.365787e-02 -1.151907e-04 -3.165982e+00 -1.177650e-02 1.467582e-05 -2.683398e-02 -1.881375e-03
130            -9.083170e-05 -3.200224e+00 -1.711641e-02 -1.045019e-04 -3.173535e+00 -1.529903e-02 1.367020e-05 -2.668917e-02 -1.817380e-03
131            -9.249271e-05 -3.210554e+00 -1.832450e-02 -1.051453e-04 -3.183969e+00 -1.657815e-02 1.265263e-05 -2.658439e-02 -1.746348e-03
132            -1.025002e-04 -3.222889e+00 -1.727206e-02 -1.141600e-04 -3.196385e+00 -1.560616e-02 1.165978e-05 -2.650429e-02 -1.665899e-03
133            -1.162460e-04 -3.235949e+00 -1.438193e-02 -1.270187e-04 -3.209501e+00 -1.280185e-02 1.077266e-05 -2.644789e-02 -1.580082e-03
134            -1.292618e-04 -3.248274e+00 -1.029403e-02 -1.393305e-04 -3.221874e+00 -8.800711e-03 1.006877e-05 -2.639921e-02 -1.493320e-03
135            -1.375565e-04 -3.258640e+00 -5.803594e-03 -1.471843e-04 -3.232288e+00 -4.386571e-03 9.627756e-06 -2.635197e-02 -1.417024e-03
136            -1.384122e-04 -3.266168e+00 -1.700427e-03 -1.479035e-04 -3.239879e+00 -3.411188e-04 9.491280e-06 -2.628835e-02 -1.359308e-03
137            -1.309157e-04 -3.270653e+00 1.372200e-03 -1.405707e-04 -3.244445e+00 2.696079e-03 9.655025e-06 -2.620737e-02 -1.323879e-03
138            -1.157061e-04 -3.272610e+00 2.990503e-03 -1.258031e-04 -3.246505e+00 4.306660e-03 1.009694e-05 -2.610427e-02 -1.316157e-03
139            -9.483139e-05 -3.273150e+00 2.994500e-03 -1.056051e-04 -3.247161e+00 4.334994e-03 1.077373e-05 -2.598960e-02 -1.340494e-03
140            -7.134276e-05 -3.273590e+00 1.507300e-03 -8.295781e-05 -3.247723e+00 2.901294e-03 1.161505e-05 -2.586649e-02 -1.393994e-03
141            -4.897362e-05 -3.275136e+00 -1.045168e-03 -6.150906e-05 -3.249391e+00 4.242062e-04 1.253544e-05 -2.574479e-02 -1.469374e-03
142            -3.146980e-05 -3.278026e+00 -4.102016e-03 -4.495123e-05 -3.252394e+00 -2.538857e-03 1.348143e-05 -2.563231e-02 -1.563159e-03
143            -2.010723e-05 -3.283524e+00 -7.025501e-03 -3.452773e-05 -3.257969e+00 -5.354270e-03 1.442050e-05 -2.555566e-02 -1.671231e-03
144            -1.556616e-05 -3.291174e+00 -9.230382e-03 -3.085236e-05 -3.265664e+00 -7.450004e-03 1.528620e-05 -2.550964e-02 -1.780378e-03
145            -1.875084e-05 -3.299136e+00 -1.026480e-02 -3.481008e-05 -3.273647e+00 -8.385212e-03 1.605924e-05 -2.548902e-02 -1.879588e-03
146            -2.762830e-05 -3.306757e+00 -9.970781e-03 -4.436184e-05 -3.281265e+00 -8.005094e-03 1.673354e-05 -2.549164e-02 -1.965687e-03
147            -3.901051e-05 -3.313247e+00 -8.488312e-03 -5.632447e-05 -3.287736e+00 -6.452333e-03 1.731395e-05 -2.551108e-02 -2.035979e-03
148            -5.017219e-05 -3.317955e+00 -6.105855e-03 -6.799972e-05 -3.292417e+00 -4.019651e-03 1.782754e-05 -2.553833e-02 -2.086204e-03
149            -5.811322e-05 -3.320583e+00 -3.344204e-03 -7.640045e-05 -3.295019e+00 -1.223924e-03 1.828723e-05 -2.556399e-02 -2.120280e-03
150            -6.040359e-05 -3.321223e+00 -7.798909e-04 -7.908296e-05 -3.295643e+00 1.356211e-03 1.867937e-05 -2.557976e-02 -2.136102e-03
151            -5.595225e-05 -3.320381e+00 1.077184e-03 -7.494193e-05 -3.294786e+00 3.212461e-03 1.898968e-05 -2.559502e-02 -2.135277e-03
152            -4.505602e-05 -3.318806e+00 1.859606e-03 -6.430080e-05 -3.293205e+00 3.986724e-03 1.924478e-05 -2.560161e-02 -2.127118e-03
153            -2.855441e-05 -3.317428e+00 1.331881e-03 -4.801522e-05 -3.291822e+00 3.451930e-03 1.946082e-05 -2.560581e-02 -2.120049e-03
154            -8.792460e-06 -3.317039e+00 -4.589844e-04 -2.839307e-05 -3.291428e+00 1.652332e-03 1.960061e-05 -2.561057e-02 -2.111316e-03
155            1.204656e-05 -3.318162e+00 -3.328893e-03 -7.606428e-06 -3.292539e+00 -1.223492e-03 1.965299e-05 -2.562289e-02 -2.105401e-03
156            3.155177e-05 -3.320873e+00 -6.881490e-03 1.198445e-05 -3.295230e+00 -4.784217e-03 1.956732e-05 -2.564359e-02 -2.097273e-03
157            4.803287e-05 -3.324929e+00 -1.066355e-02 2.870716e-05 -3.299250e+00 -8.578501e-03 1.932571e-05 -2.567920e-02 -2.085048e-03
158            6.015701e-05 -3.329714e+00 -1.417805e-02 4.125623e-05 -3.303996e+00 -1.211668e-02 1.890078e-05 -2.571827e-02 -2.061366e-03
159            6.821346e-05 -3.334479e+00 -1.709280e-02 4.988523e-05 -3.308717e+00 -1.506559e-02 1.832822e-05 -2.576188e-02 -2.027213e-03
160            7.287411e-05 -3.338564e+00 -1.914472e-02 5.524952e-05 -3.312760e+00 -1.716566e-02 1.762459e-05 -2.580452e-02 -1.979058e-03
161            7.566965e-05 -3.341520e+00 -2.027149e-02 5.882933e-05 -3.315679e+00 -1.835703e-02 1.684032e-05 -2.584085e-02 -1.914460e-03
162            7.823223e-05 -3.343226e+00 -2.056198e-02 6.224515e-05 -3.317362e+00 -1.872888e-02 1.598708e-05 -2.586433e-02 -1.833093e-03
163            8.248382e-05 -3.343876e+00 -2.028353e-02 6.734859e-05 -3.317996e+00 -1.854276e-02 1.513522e-05 -2.587937e-02 -1.740775e-03
164            8.973369e-05 -3.343851e+00 -1.974743e-02 7.540455e-05 -3.317968e+00 -1.810718e-02 1.432915e-05 -2.588269e-02 -1.640254e-03
165            1.009416e-04 -3.343758e+00 -1.932431e-02 8.732207e-05 -3.317884e+00 -1.778543e-02 1.361949e-05 -2.587331e-02 -1.538881e-03
166            1.158235e-04 -3.344178e+00 -1.929660e-02 1.027978e-04 -3.318322e+00 -1.785407e-02 1.302567e-05 -2.585580e-02 -1.442525e-03
167            1.334652e-04 -3.345554e+00 -1.986397e-02 1.209104e-04 -3.319720e+00 -1.850795e-02 1.255475e-05 -2.583443e-02 -1.356020e-03
168            1.522318e-04 -3.348098e+00 -2.106309e-02 1.400077e-04 -3.322292e+00 -1.977734e-02 1.222402e-05 -2.580644e-02 -1.285743e-03
169            1.706074e-04 -3.351788e+00 -2.285052e-02 1.585444e-04 -3.326013e+00 -2.161189e-02 1.206298e-05 -2.577477e-02 -1.238624e-03
170            1.865001e-04 -3.356320e+00 -2.496889e-02 1.744592e-04 -3.330585e+00 -2.375368e-02 1.204092e-05 -2.573492e-02 -1.215211e-03
171            1.986085e-04 -3.361193e+00 -2.716984e-02 1.864565e-04 -3.335503e+00 -2.595278e-02 1.215200e-05 -2.568990e-02 -1.217059e-03
172            2.055096e-04 -3.365789e+00 -2.909120e-02 1.931530e-04 -3.340150e+00 -2.785381e-02 1.235664e-05 -2.563879e-02 -1.237392e-03
173            2.071187e-04 -3.369570e+00 -3.046286e-02 1.945014e-04 -3.343987e+00 -2.919323e-02 1.261727e-05 -2.558313e-02 -1.269631e-03
174            2.036408e-04 -3.372090e+00 -3.104006e-02 1.907620e-04 -3.346567e+00 -2.973501e-02 1.287880e-05 -2.552307e-02 -1.305049e-03
175            1.964496e-04 -3.373158e+00 -3.078720e-02 1.832920e-04 -3.347688e+00 -2.944387e-02 1.315757e-05 -2.547037e-02 -1.343328e-03
176            1.867335e-04 -3.372846e+00 -2.971151e-02 1.732673e-04 -3.347420e+00 -2.833041e-02 1.346611e-05 -2.542664e-02 -1.381108e-03
177            1.761945e-04 -3.371423e+00 -2.799162e-02 1.623220e-04 -3.346018e+00 -2.656887e-02 1.387252e-05 -2.540452e-02 -1.422752e-03
178            1.662626e-04 -3.369282e+00 -2.585458e-02 1.518750e-04 -3.343877e+00 -2.438525e-02 1.438765e-05 -2.540450e-02 -1.469323e-03
179            1.581926e-04 -3.367035e+00 -2.364028e-02 1.431931e-04 -3.341599e+00 -2.211795e-02 1.499949e-05 -2.543622e-02 -1.522326e-03
180            1.524990e-04 -3.364993e+00 -2.160092e-02 1.367619e-04 -3.339497e+00 -2.001650e-02 1.573719e-05 -2.549598e-02 -1.584418e-03
181            1.492581e-04 -3.363480e+00 -1.996350e-02 1.327181e-04 -3.337898e+00 -1.831141e-02 1.653999e-05 -2.558114e-02 -1.652085e-03
182            1.478512e-04 -3.362575e+00 -1.884800e-02 1.305431e-04 -3.336900e+00 -1.712922e-02 1.730806e-05 -2.567511e-02 -1.718784e-03
183            1.473957e-04 -3.362203e+00 -1.823994e-02 1.294538e-04 -3.336432e+00 -1.646414e-02 1.794191e-05 -2.577111e-02 -1.775802e-03
184            1.464402e-04 -3.361985e+00 -1.800104e-02 1.280602e-04 -3.336124e+00 -1.618430e-02 1.837995e-05 -2.586108e-02 -1.816739e-03
185            1.440964e-04 -3.361434e+00 -1.796460e-02 1.254424e-04 -3.335494e+00 -1.612007e-02 1.865407e-05 -2.593995e-02 -1.844530e-03
186            1.398739e-04 -3.360126e+00 -1.796279e-02 1.210714e-04 -3.334121e+00 -1.609858e-02 1.880255e-05 -2.600588e-02 -1.864211e-03
187            1.332060e-04 -3.357851e+00 -1.777214e-02 1.143591e-04 -3.331789e+00 -1.589568e-02 1.884698e-05 -2.606268e-02 -1.876459e-03
188            1.254574e-04 -3.354531e+00 -1.735229e-02 1.065676e-04 -3.328423e+00 -1.546310e-02 1.888977e-05 -2.610793e-02 -1.889193e-03
189            1.165430e-04 -3.350376e+00 -1.656284e-02 9.762495e-05 -3.324235e+00 -1.466350e-02 1.891802e-05 -2.614078e-02 -1.899334e-03
190            1.093071e-04 -3.345765e+00 -1.563264e-02 9.023753e-05 -3.319593e+00 -1.371432e-02 1.906955e-05 -2.617205e-02 -1.918321e-03
191            1.029538e-04 -3.341180e+00 -1.448277e-02 8.379927e-05 -3.314980e+00 -1.255783e-02 1.915450e-05 -2.620088e-02 -1.924935e-03
192            1.014365e-04 -3.337044e+00 -1.357010e-02 8.208497e-05 -3.310805e+00 -1.163737e-02 1.935152e-05 -2.623991e-02 -1.932729e-03
193            1.031638e-04 -3.333723e+00 -1.283127e-02 8.375150e-05 -3.307441e+00 -1.091186e-02 1.941226e-05 -2.628162e-02 -1.919408e-03
194            1.108299e-04 -3.331458e+00 -1.269943e-02 9.124778e-05 -3.305104e+00 -1.079158e-02 1.958216e-05 -2.635378e-02 -1.907858e-03
195            1.223462e-04 -3.330161e+00 -1.312009e-02 1.026329e-04 -3.303699e+00 -1.123663e-02 1.971328e-05 -2.646198e-02 -1.883463e-03
196            1.377682e-04 -3.329616e+00 -1.420241e-02 1.179042e-04 -3.303008e+00 -1.235077e-02 1.986405e-05 -2.660790e-02 -1.851642e-03
197            1.546897e-04 -3.329615e+00 -1.576553e-02 1.346911e-04 -3.302828e+00 -1.395391e-02 1.999857e-05 -2.678671e-02 -1.811621e-03
198            1.707307e-04 -3.329892e+00 -1.755485e-02 1.506130e-04 -3.302871e+00 -1.579761e-02 2.011764e-05 -2.702088e-02 -1.757244e-03
199            1.835337e-04 -3.330168e+00 -1.927263e-02 1.632861e-04 -3.302866e+00 -1.757856e-02 2.024756e-05 -2.730198e-02 -1.694067e-03
200            1.907930e-04 -3.330329e+00 -2.053144e-02 1.703484e-04 -3.302686e+00 -1.890830e-02 2.044459e-05 -2.764338e-02 -1.623136e-03
201            1.904444e-04 -3.330347e+00 -2.103953e-02 1.697712e-04 -3.302296e+00 -1.950086e-02 2.067321e-05 -2.805144e-02 -1.538672e-03
202            1.812745e-04 -3.330261e+00 -2.054027e-02 1.601884e-04 -3.301725e+00 -1.908074e-02 2.108604e-05 -2.853654e-02 -1.459532e-03
203            1.632774e-04 -3.330034e+00 -1.895890e-02 1.414789e-04 -3.300941e+00 -1.755323e-02 2.179851e-05 -2.909324e-02 -1.405679e-03
204            1.374339e-04 -3.329522e+00 -1.627431e-02 1.144467e-04 -3.299822e+00 -1.486780e-02 2.298720e-05 -2.969976e-02 -1.406507e-03
205            1.061995e-04 -3.328874e+00 -1.271528e-02 8.146728e-05 -3.298563e+00 -1.123064e-02 2.473218e-05 -3.031010e-02 -1.484644e-03
206            7.339348e-05 -3.328144e+00 -8.603297e-03 4.629753e-05 -3.297265e+00 -6.944738e-03 2.709595e-05 -3.087870e-02 -1.658559e-03
207            4.248027e-05 -3.327529e+00 -4.396477e-03 1.234456e-05 -3.296153e+00 -2.454044e-03 3.013571e-05 -3.137628e-02 -1.942433e-03
208            1.522604e-05 -3.326821e+00 -4.932932e-04 -1.845072e-05 -3.295049e+00 1.821423e-03 3.367677e-05 -3.177223e-02 -2.314716e-03
209            -6.032104e-06 -3.326043e+00 2.621028e-03 -4.341974e-05 -3.293992e+00 5.353575e-03 3.738764e-05 -3.205169e-02 -2.732547e-03
210            -1.877121e-05 -3.325451e+00 4.562310e-03 -5.954019e-05 -3.293229e+00 7.700866e-03 4.076898e-05 -3.222149e-02 -3.138557e-03
211            -2.164228e-05 -3.324774e+00 5.161783e-03 -6.506643e-05 -3.292481e+00 8.645725e-03 4.342415e-05 -3.229246e-02 -3.483942e-03
212            -1.391060e-05 -3.323560e+00 4.382697e-03 -5.903526e-05 -3.291277e+00 8.128011e-03 4.512466e-05 -3.228261e-02 -3.745314e-03
213            3.038693e-06 -3.321535e+00 2.499539e-03 -4.287548e-05 -3.289336e+00 6.422101e-03 4.591418e-05 -3.219836e-02 -3.922562e-03
214            2.699356e-05 -3.318642e+00 -8.079257e-05 -1.892945e-05 -3.286593e+00 3.943926e-03 4.592301e-05 -3.204983e-02 -4.024719e-03
215            5.387020e-05 -3.314959e+00 -2.725932e-03 8.519014e-06 -3.283125e+00 1.338997e-03 4.535119e-05 -3.183440e-02 -4.064928e-03
216            7.986047e-05 -3.310642e+00 -4.919556e-03 3.542994e-05 -3.279082e+00 -8.606136e-04 4.443053e-05 -3.155993e-02 -4.058942e-03
217            1.018916e-04 -3.305950e+00 -6.291924e-03 5.855588e-05 -3.274718e+00 -2.272539e-03 4.333571e-05 -3.123159e-02 -4.019385e-03
218            1.187652e-04 -3.301221e+00 -6.752891e-03 7.650930e-05 -3.270365e+00 -2.793904e-03 4.225591e-05 -3.085616e-02 -3.958988e-03
219            1.310850e-04 -3.296594e+00 -6.465995e-03 8.983262e-05 -3.266145e+00 -2.584278e-03 4.125233e-05 -3.044950e-02 -3.881717e-03
220            1.401994e-04 -3.292033e+00 -5.733213e-03 9.985984e-05 -3.262017e+00 -1.946147e-03 4.033956e-05 -3.001589e-02 -3.787067e-03
221            1.490080e-04 -3.287361e+00 -5.071911e-03 1.094675e-04 -3.257795e+00 -1.389724e-03 3.954055e-05 -2.956604e-02 -3.682187e-03
222            1.594513e-04 -3.282350e+00 -4.915472e-03 1.206500e-04 -3.253248e+00 -1.352032e-03 3.880126e-05 -2.910225e-02 -3.563440e-03
223            1.733329e-04 -3.276808e+00 -5.648673e-03 1.352247e-04 -3.248178e+00 -2.210742e-03 3.810826e-05 -2.863047e-02 -3.437931e-03
224            1.905883e-04 -3.270583e+00 -7.419470e-03 1.531547e-04 -3.242426e+00 -4.113720e-03 3.743359e-05 -2.815646e-02 -3.305749e-03
225            2.112833e-04 -3.263609e+00 -1.034991e-02 1.744711e-04 -3.235926e+00 -7.170208e-03 3.681227e-05 -2.768258e-02 -3.179706e-03
226            2.336289e-04 -3.255947e+00 -1.427948e-02 1.974275e-04 -3.228744e+00 -1.122209e-02 3.620144e-05 -2.720271e-02 -3.057386e-03
227            2.557951e-04 -3.247871e+00 -1.896384e-02 2.202156e-04 -3.221146e+00 -1.601985e-02 3.557947e-05 -2.672497e-02 -2.943990e-03
228            2.758886e-04 -3.239719e+00 -2.402485e-02 2.408791e-04 -3.213461e+00 -2.117515e-02 3.500945e-05 -2.625791e-02 -2.849707e-03
229            2.921791e-04 -3.231773e+00 -2.906447e-02 2.576908e-04 -3.205971e+00 -2.628806e-02 3.448829e-05 -2.580236e-02 -2.776416e-03
230            3.039604e-04 -3.224281e+00 -3.370795e-02 2.699133e-04 -3.198912e+00 -3.098318e-02 3.404714e-05 -2.536980e-02 -2.724772e-03
231            3.115836e-04 -3.217383e+00 -3.765313e-02 2.779903e-04 -3.192427e+00 -3.496644e-02 3.359336e-05 -2.495619e-02 -2.686684e-03
232            3.157419e-04 -3.211118e+00 -4.067036e-02 2.825538e-04 -3.186545e+00 -3.800432e-02 3.318811e-05 -2.457295e-02 -2.666034e-03
233            3.169311e-04 -3.205448e+00 -4.260299e-02 2.841975e-04 -3.181207e+00 -3.995086e-02 3.273357e-05 -2.424139e-02 -2.652130e-03
234            3.160528e-04 -3.200283e+00 -4.339950e-02 2.837445e-04 -3.176323e+00 -4.075298e-02 3.230831e-05 -2.396081e-02 -2.646528e-03
235            3.141411e-04 -3.195678e+00 -4.312204e-02 2.822657e-04 -3.171951e+00 -4.047766e-02 3.187539e-05 -2.372634e-02 -2.644384e-03
236            3.109377e-04 -3.191641e+00 -4.183245e-02 2.795819e-04 -3.168104e+00 -3.919940e-02 3.135588e-05 -2.353660e-02 -2.633045e-03
237            3.071331e-04 -3.188027e+00 -3.970763e-02 2.765375e-04 -3.164604e+00 -3.711469e-02 3.059563e-05 -2.342299e-02 -2.592936e-03
238            3.030859e-04 -3.184992e+00 -3.690327e-02 2.735484e-04 -3.161656e+00 -3.438656e-02 2.953754e-05 -2.333560e-02 -2.516707e-03
239            2.983305e-04 -3.182608e+00 -3.354287e-02 2.700452e-04 -3.159334e+00 -3.112021e-02 2.828526e-05 -2.327455e-02 -2.422659e-03
240            2.928038e-04 -3.180572e+00 -2.984296e-02 2.659438e-04 -3.157323e+00 -2.753048e-02 2.686001e-05 -2.324909e-02 -2.312488e-03
241            2.856359e-04 -3.179478e+00 -2.591609e-02 2.606187e-04 -3.156189e+00 -2.375481e-02 2.501720e-05 -2.328890e-02 -2.161280e-03
242            2.776078e-04 -3.179365e+00 -2.188996e-02 2.548274e-04 -3.156015e+00 -1.991925e-02 2.278040e-05 -2.335019e-02 -1.970703e-03
243            2.679997e-04 -3.180418e+00 -1.779302e-02 2.481037e-04 -3.156975e+00 -1.606837e-02 1.989605e-05 -2.344304e-02 -1.724648e-03
244            2.565507e-04 -3.182548e+00 -1.371161e-02 2.400855e-04 -3.158959e+00 -1.227996e-02 1.646511e-05 -2.358952e-02 -1.431644e-03
245            2.418999e-04 -3.186131e+00 -9.547873e-03 2.294953e-04 -3.162325e+00 -8.472792e-03 1.240464e-05 -2.380553e-02 -1.075080e-03
246            2.244730e-04 -3.191411e+00 -5.436459e-03 2.165517e-04 -3.167374e+00 -4.767885e-03 7.921279e-06 -2.403749e-02 -6.685736e-04
247            2.019117e-04 -3.198404e+00 -1.128616e-03 1.988525e-04 -3.174152e+00 -9.201321e-04 3.059146e-06 -2.425202e-02 -2.084840e-04
248            1.759211e-04 -3.206617e+00 3.306618e-03 1.783656e-04 -3.182141e+00 2.984265e-03 -2.444568e-06 -2.447630e-02 3.223532e-04
249            1.463597e-04 -3.215640e+00 7.981103e-03 1.550699e-04 -3.190926e+00 7.039191e-03 -8.710174e-06 -2.471485e-02 9.419120e-04
250            1.153041e-04 -3.224668e+00 1.284724e-02 1.308542e-04 -3.199691e+00 1.120903e-02 -1.555014e-05 -2.497644e-02 1.638215e-03
251            8.285506e-05 -3.232163e+00 1.785712e-02 1.057312e-04 -3.206895e+00 1.546823e-02 -2.287614e-05 -2.526795e-02 2.388886e-03
252            4.653812e-05 -3.239899e+00 2.327465e-02 7.652469e-05 -3.214347e+00 2.013245e-02 -2.998657e-05 -2.555153e-02 3.142202e-03
253            7.252588e-06 -3.247379e+00 2.903955e-02 4.345136e-05 -3.221632e+00 2.519646e-02 -3.619877e-05 -2.574753e-02 3.843088e-03
254            -3.261870e-05 -3.254579e+00 3.486423e-02 8.369305e-06 -3.228733e+00 3.042452e-02 -4.098800e-05 -2.584584e-02 4.439713e-03
255            -7.531505e-05 -3.261812e+00 4.089568e-02 -3.153876e-05 -3.235944e+00 3.605361e-02 -4.377629e-05 -2.586736e-02 4.842071e-03
256            -1.152985e-04 -3.269947e+00 4.629819e-02 -7.105598e-05 -3.244044e+00 4.133767e-02 -4.424251e-05 -2.590272e-02 4.960514e-03
257            -1.572690e-04 -3.279134e+00 5.162697e-02 -1.146118e-04 -3.253173e+00 4.679955e-02 -4.265715e-05 -2.596055e-02 4.827414e-03
258            -1.900955e-04 -3.288653e+00 5.575226e-02 -1.515558e-04 -3.262640e+00 5.135416e-02 -3.853969e-05 -2.601297e-02 4.398099e-03
259            -2.185895e-04 -3.297200e+00 5.933906e-02 -1.857378e-04 -3.271143e+00 5.554087e-02 -3.285168e-05 -2.605634e-02 3.798188e-03
260            -2.383605e-04 -3.304279e+00 6.189213e-02 -2.118086e-04 -3.278187e+00 5.875840e-02 -2.655197e-05 -2.609283e-02 3.133732e-03
261            -2.489879e-04 -3.310122e+00 6.354679e-02 -2.286744e-04 -3.283995e+00 6.106600e-02 -2.031352e-05 -2.612693e-02 2.480786e-03
262            -2.478434e-04 -3.315021e+00 6.382329e-02 -2.336579e-04 -3.288877e+00 6.198373e-02 -1.418551e-05 -2.614387e-02 1.839559e-03
263            -2.343773e-04 -3.319178e+00 6.256907e-02 -2.256471e-04 -3.293056e+00 6.131535e-02 -8.730240e-06 -2.612194e-02 1.253715e-03
264            -2.097999e-04 -3.322814e+00 5.984406e-02 -2.059125e-04 -3.296700e+00 5.912968e-02 -3.887411e-06 -2.611420e-02 7.143850e-04
265            -1.774723e-04 -3.325805e+00 5.598861e-02 -1.777678e-04 -3.299677e+00 5.573726e-02 2.955352e-07 -2.612759e-02 2.513483e-04
266            -1.415697e-04 -3.327933e+00 5.145180e-02 -1.447912e-04 -3.301716e+00 5.152203e-02 3.221464e-06 -2.621749e-02 -7.022880e-05
267            -1.045020e-04 -3.328772e+00 4.649000e-02 -1.093125e-04 -3.302432e+00 4.671889e-02 4.810462e-06 -2.634043e-02 -2.288969e-04
268            -6.790127e-05 -3.328124e+00 4.126750e-02 -7.283406e-05 -3.301603e+00 4.147643e-02 4.932795e-06 -2.652144e-02 -2.089292e-04
269            -3.270138e-05 -3.326014e+00 3.579694e-02 -3.664831e-05 -3.299281e+00 3.585097e-02 3.946922e-06 -2.673301e-02 -5.402563e-05
270            7.155183e-07 -3.323064e+00 3.026161e-02 -2.317615e-06 -3.296108e+00 3.015894e-02 3.033133e-06 -2.695556e-02 1.026739e-04
271            3.192366e-05 -3.319936e+00 2.471930e-02 2.904123e-05 -3.292774e+00 2.454649e-02 2.882431e-06 -2.716168e-02 1.728089e-04
272            5.933948e-05 -3.317288e+00 1.954503e-02 5.542223e-05 -3.289914e+00 1.943241e-02 3.917253e-06 -2.737350e-02 1.126172e-04
273            8.204906e-05 -3.315105e+00 1.483062e-02 7.604380e-05 -3.287514e+00 1.490936e-02 6.005259e-06 -2.759106e-02 -7.873550e-05
274            9.772697e-05 -3.313383e+00 1.098694e-02 8.892209e-05 -3.285575e+00 1.134399e-02 8.804878e-06 -2.780782e-02 -3.570487e-04
275            1.069167e-04 -3.312318e+00 7.894370e-03 9.526413e-05 -3.284284e+00 8.545320e-03 1.165258e-05 -2.803329e-02 -6.509500e-04
276            1.102642e-04 -3.312109e+00 5.423733e-03 9.599123e-05 -3.283806e+00 6.347040e-03 1.427300e-05 -2.830262e-02 -9.233070e-04
277            1.087554e-04 -3.312872e+00 3.496118e-03 9.222363e-05 -3.284277e+00 4.663696e-03 1.653182e-05 -2.859453e-02 -1.167579e-03
278            1.028710e-04 -3.314534e+00 2.181370e-03 8.453002e-05 -3.285621e+00 3.552440e-03 1.834102e-05 -2.891294e-02 -1.371070e-03
279            9.444697e-05 -3.317393e+00 1.321097e-03 7.478639e-05 -3.288157e+00 2.867223e-03 1.966058e-05 -2.923628e-02 -1.546126e-03
280            8.431465e-05 -3.321638e+00 8.686219e-04 6.380363e-05 -3.292073e+00 2.558846e-03 2.051102e-05 -2.956507e-02 -1.690224e-03
281            7.352200e-05 -3.327277e+00 6.189974e-04 5.289551e-05 -3.297395e+00 2.398467e-03 2.062649e-05 -2.988179e-02 -1.779470e-03
282            6.555449e-05 -3.333519e+00 3.716545e-04 4.598435e-05 -3.303304e+00 2.126287e-03 1.957014e-05 -3.021573e-02 -1.754632e-03
283            6.286934e-05 -3.340091e+00 -3.727725e-04 4.589318e-05 -3.309525e+00 1.199365e-03 1.697616e-05 -3.056589e-02 -1.572138e-03
284            7.180903e-05 -3.345992e+00 -2.101266e-03 5.900919e-05 -3.315126e+00 -8.886518e-04 1.279984e-05 -3.086577e-02 -1.212614e-03
285            8.894196e-05 -3.352736e+00 -4.636741e-03 8.143112e-05 -3.321721e+00 -3.908353e-03 7.510843e-06 -3.101495e-02 -7.283878e-04
286            1.176190e-04 -3.358956e+00 -8.265493e-03 1.163707e-04 -3.327931e+00 -8.129884e-03 1.248306e-06 -3.102515e-02 -1.356090e-04
287            1.548695e-04 -3.364035e+00 -1.265243e-02 1.605817e-04 -3.333124e+00 -1.318254e-02 -5.712207e-06 -3.091078e-02 5.301144e-04
288            1.940163e-04 -3.367677e+00 -1.688208e-02 2.064555e-04 -3.336944e+00 -1.804399e-02 -1.243922e-05 -3.073385e-02 1.161910e-03
289            2.286874e-04 -3.369599e+00 -2.019918e-02 2.466176e-04 -3.339105e+00 -2.185259e-02 -1.793019e-05 -3.049407e-02 1.653416e-03
290            2.544299e-04 -3.369844e+00 -2.215355e-02 2.762576e-04 -3.339649e+00 -2.413696e-02 -2.182767e-05 -3.019467e-02 1.983407e-03
291            2.726782e-04 -3.368441e+00 -2.319308e-02 2.967511e-04 -3.338587e+00 -2.534174e-02 -2.407289e-05 -2.985379e-02 2.148667e-03
292            2.877864e-04 -3.363879e+00 -2.406225e-02 3.130381e-04 -3.334387e+00 -2.628446e-02 -2.525172e-05 -2.949187e-02 2.222204e-03
293            2.968539e-04 -3.360814e+00 -2.422559e-02 3.227150e-04 -3.331709e+00 -2.648377e-02 -2.586111e-05 -2.910475e-02 2.258182e-03
294            3.059729e-04 -3.355283e+00 -2.480417e-02 3.320727e-04 -3.326596e+00 -2.707124e-02 -2.609980e-05 -2.868662e-02 2.267071e-03
295            3.126282e-04 -3.347278e+00 -2.562671e-02 3.386207e-04 -3.319030e+00 -2.786971e-02 -2.599247e-05 -2.824796e-02 2.243003e-03
296            3.154969e-04 -3.340501e+00 -2.639343e-02 3.411191e-04 -3.312711e+00 -2.857830e-02 -2.562215e-05 -2.778983e-02 2.184872e-03
297            3.107243e-04 -3.333916e+00 -2.682897e-02 3.359698e-04 -3.306566e+00 -2.895230e-02 -2.524541e-05 -2.735044e-02 2.123329e-03
298            2.978228e-04 -3.327654e+00 -2.692495e-02 3.228395e-04 -3.300638e+00 -2.900943e-02 -2.501671e-05 -2.701598e-02 2.084473e-03
299            2.749352e-04 -3.322206e+00 -2.637718e-02 2.998044e-04 -3.295393e+00 -2.844862e-02 -2.486923e-05 -2.681242e-02 2.071438e-03
300            2.426952e-04 -3.317480e+00 -2.518039e-02 2.673629e-04 -3.290730e+00 -2.724241e-02 -2.466765e-05 -2.674962e-02 2.062021e-03
301            2.013474e-04 -3.313681e+00 -2.322609e-02 2.253886e-04 -3.286903e+00 -2.523853e-02 -2.404114e-05 -2.677857e-02 2.012441e-03
302            1.523815e-04 -3.310322e+00 -2.082555e-02 1.754976e-04 -3.283466e+00 -2.275191e-02 -2.311613e-05 -2.685592e-02 1.926365e-03
303            9.543961e-05 -3.307652e+00 -1.732952e-02 1.169864e-04 -3.280693e+00 -1.910596e-02 -2.154680e-05 -2.695951e-02 1.776435e-03
304            3.617650e-05 -3.305737e+00 -1.314892e-02 5.539852e-05 -3.278652e+00 -1.470163e-02 -1.922201e-05 -2.708509e-02 1.552715e-03
305            -2.095116e-05 -3.304370e+00 -8.507569e-03 -4.966284e-06 -3.277128e+00 -9.750364e-03 -1.598488e-05 -2.724144e-02 1.242794e-03
306            -7.378089e-05 -3.303582e+00 -3.414201e-03 -6.161389e-05 -3.276146e+00 -4.309600e-03 -1.216700e-05 -2.743601e-02 8.953982e-04
307            -1.201940e-04 -3.303682e+00 1.981761e-03 -1.124057e-04 -3.276035e+00 1.477129e-03 -7.788247e-06 -2.764746e-02 5.046321e-04
308            -1.579493e-04 -3.305618e+00 7.636580e-03 -1.550623e-04 -3.277741e+00 7.556290e-03 -2.887022e-06 -2.787681e-02 8.028990e-05
309            -1.855384e-04 -3.309117e+00 1.315677e-02 -1.883274e-04 -3.280992e+00 1.355598e-02 2.789039e-06 -2.812426e-02 -3.992065e-04
310            -2.009972e-04 -3.313573e+00 1.820918e-02 -2.105257e-04 -3.285210e+00 1.917767e-02 9.528557e-06 -2.836262e-02 -9.684922e-04
311            -2.003865e-04 -3.318822e+00 2.200927e-02 -2.177103e-04 -3.290299e+00 2.364743e-02 1.732379e-05 -2.852291e-02 -1.638168e-03
312            -1.837592e-04 -3.324886e+00 2.411277e-02 -2.092898e-04 -3.296327e+00 2.645945e-02 2.553053e-05 -2.855900e-02 -2.346680e-03
313            -1.560131e-04 -3.330955e+00 2.448105e-02 -1.892002e-04 -3.302484e+00 2.747533e-02 3.318709e-05 -2.847086e-02 -2.994274e-03
314            -1.213212e-04 -3.335976e+00 2.300773e-02 -1.610348e-04 -3.307712e+00 2.652745e-02 3.971360e-05 -2.826412e-02 -3.519724e-03
315            -8.350028e-05 -3.339446e+00 1.958217e-02 -1.285419e-04 -3.311508e+00 2.351679e-02 4.504162e-05 -2.793815e-02 -3.934621e-03
316            -4.542102e-05 -3.341294e+00 1.426741e-02 -9.494669e-05 -3.313735e+00 1.854976e-02 4.952568e-05 -2.755909e-02 -4.282344e-03
317            -5.262555e-06 -3.341801e+00 7.369708e-03 -5.855680e-05 -3.314599e+00 1.195203e-02 5.329425e-05 -2.720154e-02 -4.582325e-03
318            3.954542e-05 -3.341194e+00 -8.119230e-04 -1.713733e-05 -3.314284e+00 4.053258e-03 5.668275e-05 -2.691009e-02 -4.865181e-03
319            9.430650e-05 -3.339670e+00 -1.044333e-02 3.449686e-05 -3.312971e+00 -5.287442e-03 5.980964e-05 -2.669879e-02 -5.155884e-03
320            1.564835e-04 -3.338109e+00 -2.119108e-02 9.380226e-05 -3.311540e+00 -1.574482e-02 6.268123e-05 -2.656959e-02 -5.446251e-03
321            2.259150e-04 -3.336590e+00 -3.268850e-02 1.609185e-04 -3.310076e+00 -2.698585e-02 6.499650e-05 -2.651394e-02 -5.702643e-03
322            2.971105e-04 -3.335286e+00 -4.409954e-02 2.304809e-04 -3.308778e+00 -3.819719e-02 6.662962e-05 -2.650812e-02 -5.902346e-03
323            3.722491e-04 -3.333885e+00 -5.538940e-02 3.045409e-04 -3.307343e+00 -4.932607e-02 6.770814e-05 -2.654194e-02 -6.063330e-03
324            4.484037e-04 -3.332309e+00 -6.611842e-02 3.798162e-04 -3.305707e+00 -5.990523e-02 6.858756e-05 -2.660222e-02 -6.213195e-03
325            5.240734e-04 -3.330669e+00 -7.622225e-02 4.545976e-04 -3.303971e+00 -6.984216e-02 6.947581e-05 -2.669809e-02 -6.380086e-03
326            5.979537e-04 -3.328993e+00 -8.554042e-02 5.274321e-04 -3.302159e+00 -7.896481e-02 7.052157e-05 -2.683456e-02 -6.575611e-03
327            6.708967e-04 -3.327472e+00 -9.403982e-02 5.993488e-04 -3.300493e+00 -8.726574e-02 7.154785e-05 -2.697866e-02 -6.774075e-03
328            7.409182e-04 -3.326764e+00 -1.016365e-01 6.684658e-04 -3.299636e+00 -9.467132e-02 7.245243e-05 -2.712791e-02 -6.965201e-03
329            8.080820e-04 -3.326763e+00 -1.082264e-01 7.349183e-04 -3.299495e+00 -1.010742e-01 7.316365e-05 -2.726809e-02 -7.152231e-03
330            8.696430e-04 -3.327927e+00 -1.136786e-01 7.965905e-04 -3.300582e+00 -1.064267e-01 7.305245e-05 -2.734497e-02 -7.251869e-03
331            9.217762e-04 -3.330662e+00 -1.178872e-01 8.501400e-04 -3.303332e+00 -1.106724e-01 7.163621e-05 -2.732999e-02 -7.214740e-03
332            9.594703e-04 -3.335512e+00 -1.208879e-01 8.910489e-04 -3.308216e+00 -1.138992e-01 6.842138e-05 -2.729604e-02 -6.988742e-03
333            9.822953e-04 -3.342271e+00 -1.221471e-01 9.193735e-04 -3.314948e+00 -1.156059e-01 6.292186e-05 -2.732301e-02 -6.541110e-03
334            9.893465e-04 -3.349552e+00 -1.217109e-01 9.342372e-04 -3.322129e+00 -1.158562e-01 5.510921e-05 -2.742314e-02 -5.854690e-03
335            9.803487e-04 -3.357407e+00 -1.191871e-01 9.350816e-04 -3.329797e+00 -1.142298e-01 4.526716e-05 -2.761048e-02 -4.957289e-03
336            9.569335e-04 -3.366058e+00 -1.146738e-01 9.226225e-04 -3.338243e+00 -1.107558e-01 3.431103e-05 -2.781439e-02 -3.917973e-03
337            9.189108e-04 -3.374365e+00 -1.084046e-01 8.951470e-04 -3.346446e+00 -1.055179e-01 2.376379e-05 -2.791848e-02 -2.886733e-03
338            8.680365e-04 -3.381815e+00 -1.007555e-01 8.538974e-04 -3.353934e+00 -9.883349e-02 1.413907e-05 -2.788061e-02 -1.921964e-03
339            8.069573e-04 -3.388449e+00 -9.212349e-02 8.011544e-04 -3.360752e+00 -9.105422e-02 5.802886e-06 -2.769699e-02 -1.069268e-03
340            7.426943e-04 -3.393901e+00 -8.327777e-02 7.441571e-04 -3.366495e+00 -8.296621e-02 -1.462792e-06 -2.740662e-02 -3.115554e-04
341            6.795004e-04 -3.397744e+00 -7.450782e-02 6.872580e-04 -3.370691e+00 -7.485826e-02 -7.757603e-06 -2.705274e-02 3.504406e-04
342            6.196611e-04 -3.399999e+00 -6.617124e-02 6.326832e-04 -3.373265e+00 -6.706520e-02 -1.302206e-05 -2.673403e-02 8.939529e-04
343            5.640753e-04 -3.400384e+00 -5.839094e-02 5.813391e-04 -3.373887e+00 -5.972159e-02 -1.726380e-05 -2.649683e-02 1.330648e-03
344            5.147486e-04 -3.398595e+00 -5.167737e-02 5.354767e-04 -3.372260e+00 -5.336794e-02 -2.072808e-05 -2.633457e-02 1.690567e-03
345            4.715303e-04 -3.394787e+00 -4.595894e-02 4.950363e-04 -3.368543e+00 -4.795491e-02 -2.350598e-05 -2.624410e-02 1.995963e-03
346            4.338147e-04 -3.389426e+00 -4.118464e-02 4.595970e-04 -3.363192e+00 -4.344320e-02 -2.578226e-05 -2.623382e-02 2.258560e-03
347            3.993703e-04 -3.383075e+00 -3.704081e-02 4.268996e-04 -3.356760e+00 -3.951827e-02 -2.752923e-05 -2.631524e-02 2.477460e-03
348            3.659706e-04 -3.376210e+00 -3.322453e-02 3.947871e-04 -3.349754e+00 -3.587916e-02 -2.881646e-05 -2.645603e-02 2.654623e-03
349            3.309720e-04 -3.369447e+00 -2.933785e-02 3.606020e-04 -3.342792e+00 -3.213481e-02 -2.963004e-05 -2.665525e-02 2.796959e-03
350            2.931150e-04 -3.363362e+00 -2.513767e-02 3.229593e-04 -3.336453e+00 -2.802481e-02 -2.984435e-05 -2.690957e-02 2.887138e-03
351            2.492662e-04 -3.357804e+00 -2.021796e-02 2.788408e-04 -3.330625e+00 -2.315526e-02 -2.957454e-05 -2.717866e-02 2.937297e-03
352            1.990864e-04 -3.352957e+00 -1.450412e-02 2.276806e-04 -3.325490e+00 -1.742315e-02 -2.859427e-05 -2.746668e-02 2.919030e-03
353            1.436783e-04 -3.349328e+00 -7.914437e-03 1.701767e-04 -3.321586e+00 -1.069871e-02 -2.649836e-05 -2.774149e-02 2.784268e-03
354            8.417377e-05 -3.347370e+00 -4.178871e-04 1.076972e-04 -3.319348e+00 -2.989641e-03 -2.352340e-05 -2.802166e-02 2.571754e-03
355            2.105492e-05 -3.347466e+00 7.840828e-03 4.058965e-05 -3.319193e+00 5.567020e-03 -1.953472e-05 -2.827380e-02 2.273808e-03
356            -4.059397e-05 -3.349435e+00 1.634408e-02 -2.672909e-05 -3.320909e+00 1.452355e-02 -1.386488e-05 -2.852535e-02 1.820527e-03
357            -9.755535e-05 -3.351792e+00 2.404352e-02 -9.102156e-05 -3.323007e+00 2.283960e-02 -6.533789e-06 -2.878527e-02 1.203918e-03
358            -1.445892e-04 -3.355237e+00 3.016448e-02 -1.469052e-04 -3.326201e+00 2.973735e-02 2.315921e-06 -2.903625e-02 4.271327e-04
359            -1.759166e-04 -3.360035e+00 3.395884e-02 -1.878155e-04 -3.330888e+00 3.440367e-02 1.189893e-05 -2.914702e-02 -4.448286e-04
360            -1.895390e-04 -3.366418e+00 3.545420e-02 -2.108562e-04 -3.337314e+00 3.678696e-02 2.131716e-05 -2.910372e-02 -1.332762e-03
361            -1.874624e-04 -3.374345e+00 3.502817e-02 -2.171130e-04 -3.345424e+00 3.716494e-02 2.965063e-05 -2.892061e-02 -2.136771e-03
362            -1.785474e-04 -3.383051e+00 3.354869e-02 -2.147018e-04 -3.354432e+00 3.631809e-02 3.615444e-05 -2.861861e-02 -2.769398e-03
363            -1.706733e-04 -3.392230e+00 3.139728e-02 -2.116566e-04 -3.363997e+00 3.463712e-02 4.098328e-05 -2.823353e-02 -3.239841e-03
364            -1.636258e-04 -3.399976e+00 2.926752e-02 -2.079730e-04 -3.372149e+00 3.282820e-02 4.434720e-05 -2.782729e-02 -3.560682e-03
365            -1.541954e-04 -3.405561e+00 2.689278e-02 -2.007399e-04 -3.378148e+00 3.066470e-02 4.654446e-05 -2.741305e-02 -3.771922e-03
366            -1.391093e-04 -3.410264e+00 2.360413e-02 -1.869703e-04 -3.383262e+00 2.750791e-02 4.786102e-05 -2.700213e-02 -3.903784e-03
367            -1.165013e-04 -3.413203e+00 1.933777e-02 -1.650881e-04 -3.386585e+00 2.333038e-02 4.858679e-05 -2.661793e-02 -3.992607e-03
368            -8.644321e-05 -3.414414e+00 1.424746e-02 -1.352919e-04 -3.388146e+00 1.829034e-02 4.884868e-05 -2.626792e-02 -4.042882e-03
369            -4.905005e-05 -3.413832e+00 8.455666e-03 -9.766918e-05 -3.387886e+00 1.251615e-02 4.861913e-05 -2.594619e-02 -4.060487e-03
370            -6.103411e-06 -3.411486e+00 2.150468e-03 -5.407394e-05 -3.385811e+00 6.191798e-03 4.797053e-05 -2.567514e-02 -4.041330e-03
371            4.002280e-05 -3.407536e+00 -4.556120e-03 -6.849121e-06 -3.382102e+00 -5.623709e-04 4.687192e-05 -2.543469e-02 -3.993749e-03
372            8.705235e-05 -3.402390e+00 -1.142778e-02 4.165595e-05 -3.377133e+00 -7.515516e-03 4.539640e-05 -2.525750e-02 -3.912259e-03
373            1.328113e-04 -3.396511e+00 -1.830675e-02 8.934612e-05 -3.371347e+00 -1.451748e-02 4.346516e-05 -2.516447e-02 -3.789267e-03
374            1.751444e-04 -3.390369e+00 -2.497296e-02 1.339028e-04 -3.365240e+00 -2.133433e-02 4.124162e-05 -2.512837e-02 -3.638630e-03
375            2.116416e-04 -3.384208e+00 -3.119466e-02 1.728034e-04 -3.359050e+00 -2.771851e-02 3.883815e-05 -2.515804e-02 -3.476148e-03
376            2.388173e-04 -3.378593e+00 -3.649676e-02 2.023802e-04 -3.353356e+00 -3.318142e-02 3.643713e-05 -2.523692e-02 -3.315347e-03
377            2.520242e-04 -3.372895e+00 -4.025706e-02 2.178157e-04 -3.347512e+00 -3.709536e-02 3.420851e-05 -2.538300e-02 -3.161694e-03
378            2.478630e-04 -3.368786e+00 -4.221952e-02 2.155294e-04 -3.343213e+00 -3.918695e-02 3.233356e-05 -2.557361e-02 -3.032573e-03
379            2.278953e-04 -3.366503e+00 -4.201512e-02 1.969238e-04 -3.340689e+00 -3.908795e-02 3.097146e-05 -2.581418e-02 -2.927175e-03
380            1.935514e-04 -3.365806e+00 -3.964216e-02 1.631481e-04 -3.339723e+00 -3.676620e-02 3.040328e-05 -2.608299e-02 -2.875963e-03
381            1.487266e-04 -3.366915e+00 -3.534313e-02 1.179380e-04 -3.340608e+00 -3.242402e-02 3.078854e-05 -2.630703e-02 -2.919111e-03
382            1.006915e-04 -3.370635e+00 -2.956768e-02 6.867838e-05 -3.344118e+00 -2.654511e-02 3.201313e-05 -2.651701e-02 -3.022572e-03
383            5.556505e-05 -3.376670e+00 -2.296796e-02 2.128174e-05 -3.349883e+00 -1.978549e-02 3.428331e-05 -2.678673e-02 -3.182464e-03
384            2.012574e-05 -3.385569e+00 -1.615781e-02 -1.761656e-05 -3.358458e+00 -1.273384e-02 3.774230e-05 -2.711045e-02 -3.423970e-03
385            -6.773587e-06 -3.395357e+00 -9.767526e-03 -4.930129e-05 -3.367878e+00 -5.995199e-03 4.252770e-05 -2.747877e-02 -3.772328e-03
386            -2.484003e-05 -3.404273e+00 -4.485084e-03 -7.342131e-05 -3.376429e+00 -2.426079e-04 4.858128e-05 -2.784336e-02 -4.242476e-03
387            -3.039123e-05 -3.412001e+00 -9.750293e-04 -8.565094e-05 -3.383849e+00 3.806986e-03 5.525971e-05 -2.815149e-02 -4.782016e-03
388            -2.265064e-05 -3.418437e+00 6.294555e-04 -8.425380e-05 -3.390155e+00 5.960348e-03 6.160317e-05 -2.828275e-02 -5.330893e-03
389            -1.680779e-06 -3.423878e+00 5.041250e-04 -6.899035e-05 -3.395701e+00 6.389171e-03 6.730957e-05 -2.817750e-02 -5.885046e-03
390            2.782357e-05 -3.428365e+00 -8.116712e-04 -4.428798e-05 -3.400480e+00 5.578760e-03 7.211154e-05 -2.788572e-02 -6.390431e-03
391            6.085328e-05 -3.431224e+00 -2.792627e-03 -1.498465e-05 -3.403739e+00 4.007367e-03 7.583793e-05 -2.748563e-02 -6.799994e-03
392            8.904744e-05 -3.432676e+00 -4.829592e-03 1.073628e-05 -3.405609e+00 2.238716e-03 7.831116e-05 -2.706659e-02 -7.068308e-03
393            1.161666e-04 -3.432636e+00 -7.134663e-03 3.647542e-05 -3.405953e+00 7.589558e-05 7.969121e-05 -2.668240e-02 -7.210559e-03
394            1.455898e-04 -3.431562e+00 -9.999524e-03 6.539544e-05 -3.405213e+00 -2.744520e-03 8.019435e-05 -2.634916e-02 -7.255004e-03
395            1.814029e-04 -3.429675e+00 -1.390092e-02 1.014460e-04 -3.403629e+00 -6.669182e-03 7.995691e-05 -2.604550e-02 -7.231735e-03
396            2.232489e-04 -3.427363e+00 -1.862020e-02 1.441227e-04 -3.401588e+00 -1.147338e-02 7.912622e-05 -2.577559e-02 -7.146820e-03
397            2.707203e-04 -3.424811e+00 -2.407616e-02 1.929997e-04 -3.399290e+00 -1.707017e-02 7.772058e-05 -2.552072e-02 -7.005984e-03
398            3.206104e-04 -3.422097e+00 -2.993223e-02 2.445994e-04 -3.396819e+00 -2.309289e-02 7.601102e-05 -2.527775e-02 -6.839336e-03
399            3.721230e-04 -3.419026e+00 -3.637359e-02 2.980815e-04 -3.394005e+00 -2.971155e-02 7.404147e-05 -2.502071e-02 -6.662036e-03
400            4.164482e-04 -3.416849e+00 -4.224856e-02 3.447700e-04 -3.392121e+00 -3.579520e-02 7.167818e-05 -2.472825e-02 -6.453360e-03
401            4.551138e-04 -3.414819e+00 -4.779863e-02 3.863499e-04 -3.390380e+00 -4.160602e-02 6.876396e-05 -2.443883e-02 -6.192607e-03
402            4.876860e-04 -3.413101e+00 -5.286243e-02 4.226673e-04 -3.388931e+00 -4.701905e-02 6.501868e-05 -2.416910e-02 -5.843379e-03
403            5.145072e-04 -3.411632e+00 -5.734599e-02 4.542161e-04 -3.387716e+00 -5.195373e-02 6.029105e-05 -2.391580e-02 -5.392255e-03
404            5.358243e-04 -3.409803e+00 -6.108577e-02 4.811377e-04 -3.386093e+00 -5.624129e-02 5.468656e-05 -2.371033e-02 -4.844480e-03
405            5.535026e-04 -3.407231e+00 -6.406904e-02 5.049738e-04 -3.383642e+00 -5.983068e-02 4.852879e-05 -2.358887e-02 -4.238350e-03
406            5.692149e-04 -3.403641e+00 -6.630278e-02 5.272752e-04 -3.380103e+00 -6.270634e-02 4.193967e-05 -2.353767e-02 -3.596444e-03
407            5.838060e-04 -3.399203e+00 -6.773237e-02 5.484997e-04 -3.375638e+00 -6.477134e-02 3.530637e-05 -2.356556e-02 -2.961027e-03
408            5.967590e-04 -3.394223e+00 -6.821988e-02 5.680016e-04 -3.370491e+00 -6.587431e-02 2.875737e-05 -2.373240e-02 -2.345570e-03
409            6.059292e-04 -3.389077e+00 -6.754487e-02 5.835292e-04 -3.365064e+00 -6.577034e-02 2.240002e-05 -2.401269e-02 -1.774530e-03
410            6.075473e-04 -3.383779e+00 -6.550692e-02 5.913544e-04 -3.359431e+00 -6.427075e-02 1.619291e-05 -2.434784e-02 -1.236177e-03
411            5.997650e-04 -3.379224e+00 -6.219435e-02 5.900944e-04 -3.354463e+00 -6.153236e-02 9.670620e-06 -2.476119e-02 -6.619907e-04
412            5.794027e-04 -3.375527e+00 -5.742075e-02 5.763491e-04 -3.350347e+00 -5.734981e-02 3.053552e-06 -2.518021e-02 -7.094314e-05
413            5.473838e-04 -3.373437e+00 -5.134560e-02 5.510074e-04 -3.347773e+00 -5.188676e-02 -3.623599e-06 -2.566404e-02 5.411594e-04
414            5.042583e-04 -3.373841e+00 -4.424390e-02 5.143531e-04 -3.347653e+00 -4.538298e-02 -1.009479e-05 -2.618851e-02 1.139079e-03
415            4.506316e-04 -3.376720e+00 -3.598987e-02 4.671715e-04 -3.349986e+00 -3.775708e-02 -1.653987e-05 -2.673434e-02 1.767215e-03
416            3.909839e-04 -3.381913e+00 -2.702234e-02 4.134830e-04 -3.354656e+00 -2.940238e-02 -2.249905e-05 -2.725746e-02 2.380044e-03
417            3.309813e-04 -3.388624e+00 -1.797353e-02 3.585753e-04 -3.360902e+00 -2.092309e-02 -2.759401e-05 -2.772184e-02 2.949560e-03
418            2.728902e-04 -3.395110e+00 -9.239498e-03 3.042635e-04 -3.367020e+00 -1.265137e-02 -3.137338e-05 -2.808970e-02 3.411875e-03
419            2.184132e-04 -3.402756e+00 -9.768527e-04 2.518005e-04 -3.374434e+00 -4.694478e-03 -3.338726e-05 -2.832243e-02 3.717626e-03
420            1.698573e-04 -3.410490e+00 6.448912e-03 2.031164e-04 -3.382027e+00 2.636722e-03 -3.325910e-05 -2.846279e-02 3.812191e-03
421            1.283428e-04 -3.417754e+00 1.283715e-02 1.598274e-04 -3.389221e+00 9.108617e-03 -3.148459e-05 -2.853241e-02 3.728533e-03
422            9.127545e-05 -3.424943e+00 1.860725e-02 1.205790e-04 -3.396384e+00 1.499927e-02 -2.930355e-05 -2.855892e-02 3.607975e-03
423            5.671514e-05 -3.431293e+00 2.373883e-02 8.399317e-05 -3.402681e+00 2.021568e-02 -2.727803e-05 -2.861277e-02 3.523153e-03
424            2.338688e-05 -3.436353e+00 2.840254e-02 4.853039e-05 -3.407632e+00 2.497025e-02 -2.514351e-05 -2.872087e-02 3.432293e-03
425            -9.154742e-06 -3.439695e+00 3.266122e-02 1.349846e-05 -3.410826e+00 2.937788e-02 -2.265321e-05 -2.886892e-02 3.283333e-03
426            -3.932539e-05 -3.441421e+00 3.645165e-02 -1.965833e-05 -3.412400e+00 3.340134e-02 -1.966707e-05 -2.902140e-02 3.050308e-03
427            -6.359323e-05 -3.441678e+00 3.935596e-02 -4.697232e-05 -3.412546e+00 3.658385e-02 -1.662092e-05 -2.913180e-02 2.772103e-03
428            -8.349603e-05 -3.440765e+00 4.163712e-02 -6.957792e-05 -3.411598e+00 3.912846e-02 -1.391811e-05 -2.916693e-02 2.508662e-03
429            -9.703909e-05 -3.439232e+00 4.318208e-02 -8.495743e-05 -3.410105e+00 4.085318e-02 -1.208166e-05 -2.912669e-02 2.328903e-03
430            -1.079934e-04 -3.437524e+00 4.465885e-02 -9.697338e-05 -3.408475e+00 4.241718e-02 -1.102005e-05 -2.904882e-02 2.241672e-03
431            -1.180668e-04 -3.435722e+00 4.600743e-02 -1.076794e-04 -3.406798e+00 4.380282e-02 -1.038737e-05 -2.892400e-02 2.204613e-03
432            -1.312547e-04 -3.433667e+00 4.772203e-02 -1.215650e-04 -3.404894e+00 4.554610e-02 -9.689695e-06 -2.877315e-02 2.175933e-03
433            -1.433185e-04 -3.431171e+00 4.947953e-02 -1.349782e-04 -3.402566e+00 4.740908e-02 -8.340290e-06 -2.860502e-02 2.070440e-03
434            -1.550367e-04 -3.428116e+00 5.133729e-02 -1.489167e-04 -3.399688e+00 4.947263e-02 -6.119974e-06 -2.842885e-02 1.864657e-03
435            -1.630112e-04 -3.424804e+00 5.277692e-02 -1.599032e-04 -3.396558e+00 5.122322e-02 -3.107989e-06 -2.824588e-02 1.553698e-03
436            -1.684658e-04 -3.421780e+00 5.388038e-02 -1.689878e-04 -3.393717e+00 5.271525e-02 5.219786e-07 -2.806315e-02 1.165135e-03
437            -1.689451e-04 -3.419418e+00 5.421748e-02 -1.734554e-04 -3.391507e+00 5.350068e-02 4.510378e-06 -2.791093e-02 7.168033e-04
438            -1.637593e-04 -3.417693e+00 5.373623e-02 -1.725530e-04 -3.389900e+00 5.351401e-02 8.793700e-06 -2.779265e-02 2.222159e-04
439            -1.535308e-04 -3.416509e+00 5.240096e-02 -1.666282e-04 -3.388817e+00 5.269674e-02 1.309738e-05 -2.769146e-02 -2.957802e-04
440            -1.402883e-04 -3.416218e+00 5.042276e-02 -1.572466e-04 -3.388599e+00 5.120699e-02 1.695825e-05 -2.761969e-02 -7.842350e-04
441            -1.255778e-04 -3.417136e+00 4.789636e-02 -1.455211e-04 -3.389581e+00 4.908669e-02 1.994329e-05 -2.755517e-02 -1.190333e-03
442            -1.098743e-04 -3.418850e+00 4.529110e-02 -1.314967e-04 -3.391358e+00 4.675302e-02 2.162239e-05 -2.749248e-02 -1.461919e-03
443            -9.436672e-05 -3.421239e+00 4.257825e-02 -1.161008e-04 -3.393809e+00 4.415106e-02 2.173413e-05 -2.743044e-02 -1.572813e-03
444            -8.418997e-05 -3.424379e+00 4.026007e-02 -1.043468e-04 -3.397012e+00 4.176362e-02 2.015687e-05 -2.736702e-02 -1.503553e-03
445            -8.028224e-05 -3.428158e+00 3.840507e-02 -9.736323e-05 -3.400834e+00 3.968588e-02 1.708099e-05 -2.732445e-02 -1.280819e-03
446            -8.582916e-05 -3.432362e+00 3.745748e-02 -9.857561e-05 -3.405061e+00 3.837810e-02 1.274645e-05 -2.730106e-02 -9.206156e-04
447            -9.863430e-05 -3.436803e+00 3.724484e-02 -1.061532e-04 -3.409506e+00 3.770634e-02 7.518888e-06 -2.729702e-02 -4.615015e-04
448            -1.176582e-04 -3.441262e+00 3.784739e-02 -1.196289e-04 -3.413984e+00 3.780283e-02 1.970694e-06 -2.727794e-02 4.456107e-05
449            -1.377172e-04 -3.445300e+00 3.870588e-02 -1.344196e-04 -3.418069e+00 3.818412e-02 -3.297548e-06 -2.723084e-02 5.217634e-04
450            -1.582694e-04 -3.448465e+00 3.963647e-02 -1.505020e-04 -3.421322e+00 3.872121e-02 -7.767465e-06 -2.714281e-02 9.152611e-04
451            -1.761301e-04 -3.450501e+00 4.034627e-02 -1.648267e-04 -3.423464e+00 3.914132e-02 -1.130337e-05 -2.703681e-02 1.204942e-03
452            -1.917423e-04 -3.451301e+00 4.100679e-02 -1.776492e-04 -3.424389e+00 3.959092e-02 -1.409314e-05 -2.691283e-02 1.415874e-03
453            -2.032832e-04 -3.451026e+00 4.143443e-02 -1.869439e-04 -3.424248e+00 3.986254e-02 -1.633932e-05 -2.677755e-02 1.571893e-03
454            -2.126725e-04 -3.449746e+00 4.184688e-02 -1.943645e-04 -3.423136e+00 4.013550e-02 -1.830794e-05 -2.660922e-02 1.711376e-03
455            -2.191729e-04 -3.447748e+00 4.214349e-02 -1.989503e-04 -3.421322e+00 4.028580e-02 -2.022259e-05 -2.642634e-02 1.857688e-03
456            -2.237414e-04 -3.445204e+00 4.247121e-02 -2.016332e-04 -3.418954e+00 4.046504e-02 -2.210812e-05 -2.625031e-02 2.006172e-03
457            -2.252426e-04 -3.442401e+00 4.269639e-02 -2.012978e-04 -3.416280e+00 4.054108e-02 -2.394486e-05 -2.612055e-02 2.155314e-03
458            -2.254622e-04 -3.439611e+00 4.283516e-02 -1.997070e-04 -3.413559e+00 4.052435e-02 -2.575522e-05 -2.605237e-02 2.310813e-03
459            -2.245043e-04 -3.436941e+00 4.278137e-02 -1.970777e-04 -3.410877e+00 4.031758e-02 -2.742667e-05 -2.606406e-02 2.463788e-03
460            -2.237081e-04 -3.434380e+00 4.265198e-02 -1.947294e-04 -3.408239e+00 4.003495e-02 -2.897868e-05 -2.614072e-02 2.617028e-03
461            -2.225195e-04 -3.432007e+00 4.249552e-02 -1.921336e-04 -3.405732e+00 3.972296e-02 -3.038590e-05 -2.627424e-02 2.772563e-03
462            -2.211449e-04 -3.429751e+00 4.226648e-02 -1.895735e-04 -3.403324e+00 3.935311e-02 -3.157136e-05 -2.642759e-02 2.913366e-03
463            -2.191723e-04 -3.427652e+00 4.187812e-02 -1.866787e-04 -3.401080e+00 3.884456e-02 -3.249358e-05 -2.657193e-02 3.033565e-03
464            -2.165084e-04 -3.425886e+00 4.135856e-02 -1.832739e-04 -3.399190e+00 3.821343e-02 -3.323452e-05 -2.669599e-02 3.145126e-03
465            -2.132021e-04 -3.424229e+00 4.054778e-02 -1.795812e-04 -3.397446e+00 3.731504e-02 -3.362090e-05 -2.678250e-02 3.232741e-03
466            -2.093502e-04 -3.422721e+00 3.948052e-02 -1.758933e-04 -3.395899e+00 3.621729e-02 -3.345699e-05 -2.682229e-02 3.263226e-03
467            -2.036248e-04 -3.421634e+00 3.806437e-02 -1.709646e-04 -3.394806e+00 3.483241e-02 -3.266019e-05 -2.682764e-02 3.231963e-03
468            -1.960173e-04 -3.420853e+00 3.626025e-02 -1.647497e-04 -3.394060e+00 3.312394e-02 -3.126757e-05 -2.679266e-02 3.136312e-03
469            -1.849639e-04 -3.420502e+00 3.387749e-02 -1.557269e-04 -3.393761e+00 3.089721e-02 -2.923706e-05 -2.674101e-02 2.980286e-03
470            -1.700030e-04 -3.420568e+00 3.088179e-02 -1.433377e-04 -3.393899e+00 2.811361e-02 -2.666537e-05 -2.666870e-02 2.768179e-03
471            -1.510131e-04 -3.420856e+00 2.725216e-02 -1.273910e-04 -3.394286e+00 2.474358e-02 -2.362211e-05 -2.656923e-02 2.508580e-03
472            -1.290346e-04 -3.421346e+00 2.311272e-02 -1.088452e-04 -3.394881e+00 2.090439e-02 -2.018941e-05 -2.646547e-02 2.208333e-03
473            -1.037099e-04 -3.422122e+00 1.846971e-02 -8.729797e-05 -3.395742e+00 1.658693e-02 -1.641198e-05 -2.637920e-02 1.882784e-03
474            -7.692589e-05 -3.423059e+00 1.351907e-02 -6.461896e-05 -3.396752e+00 1.199460e-02 -1.230693e-05 -2.630744e-02 1.524477e-03
475            -4.906291e-05 -3.423983e+00 8.381256e-03 -4.127138e-05 -3.397731e+00 7.251081e-03 -7.791531e-06 -2.625269e-02 1.130175e-03
476            -2.137655e-05 -3.424969e+00 3.293152e-03 -1.848879e-05 -3.398726e+00 2.591615e-03 -2.887760e-06 -2.624215e-02 7.015367e-04
477            7.184383e-06 -3.426026e+00 -1.771961e-03 4.869072e-06 -3.399747e+00 -2.027464e-03 2.315311e-06 -2.627864e-02 2.555025e-04
478            3.518637e-05 -3.427133e+00 -6.663864e-03 2.745814e-05 -3.400765e+00 -6.462301e-03 7.728227e-06 -2.636757e-02 -2.015625e-04
479            6.309477e-05 -3.428089e+00 -1.155535e-02 4.995591e-05 -3.401600e+00 -1.090251e-02 1.313885e-05 -2.648883e-02 -6.528442e-04
480            8.844186e-05 -3.428480e+00 -1.615513e-02 7.005589e-05 -3.401850e+00 -1.507045e-02 1.838597e-05 -2.662983e-02 -1.084680e-03
481            1.119296e-04 -3.428062e+00 -2.053756e-02 8.848482e-05 -3.401300e+00 -1.903401e-02 2.344482e-05 -2.676238e-02 -1.503547e-03
482            1.320995e-04 -3.426933e+00 -2.447859e-02 1.036365e-04 -3.400072e+00 -2.254289e-02 2.846299e-05 -2.686100e-02 -1.935697e-03
483            1.512833e-04 -3.425376e+00 -2.814624e-02 1.177991e-04 -3.398487e+00 -2.574956e-02 3.348422e-05 -2.688900e-02 -2.396688e-03
484            1.711245e-04 -3.423645e+00 -3.148192e-02 1.326505e-04 -3.396801e+00 -2.860291e-02 3.847403e-05 -2.684369e-02 -2.879017e-03
485            1.958678e-04 -3.422156e+00 -3.496044e-02 1.522739e-04 -3.395406e+00 -3.156262e-02 4.359388e-05 -2.674926e-02 -3.397817e-03
486            2.249673e-04 -3.421182e+00 -3.854753e-02 1.761212e-04 -3.394522e+00 -3.460105e-02 4.884610e-05 -2.666029e-02 -3.946483e-03
487            2.574493e-04 -3.420758e+00 -4.223984e-02 2.033790e-04 -3.394159e+00 -3.773515e-02 5.407033e-05 -2.659874e-02 -4.504694e-03
488            2.887589e-04 -3.420555e+00 -4.558370e-02 2.296597e-04 -3.393978e+00 -4.053002e-02 5.909919e-05 -2.657664e-02 -5.053671e-03
489            3.164263e-04 -3.420062e+00 -4.841946e-02 2.529429e-04 -3.393491e+00 -4.287292e-02 6.348341e-05 -2.657093e-02 -5.546544e-03
490            3.397713e-04 -3.419029e+00 -5.071170e-02 2.727586e-04 -3.392439e+00 -4.476290e-02 6.701273e-05 -2.659022e-02 -5.948796e-03
491            3.566069e-04 -3.417331e+00 -5.233075e-02 2.871933e-04 -3.390719e+00 -4.609272e-02 6.941364e-05 -2.661181e-02 -6.238037e-03
492            3.696540e-04 -3.415222e+00 -5.357993e-02 2.987392e-04 -3.388578e+00 -4.714385e-02 7.091487e-05 -2.664371e-02 -6.436085e-03
493            3.785772e-04 -3.412924e+00 -5.451482e-02 3.069556e-04 -3.386245e+00 -4.795423e-02 7.162159e-05 -2.667903e-02 -6.560582e-03
494            3.851166e-04 -3.410638e+00 -5.527888e-02 3.132747e-04 -3.383923e+00 -4.864131e-02 7.184195e-05 -2.671582e-02 -6.637562e-03
495            3.885697e-04 -3.408595e+00 -5.582829e-02 3.169027e-04 -3.381864e+00 -4.914995e-02 7.166693e-05 -2.673056e-02 -6.678345e-03
496            3.891085e-04 -3.406803e+00 -5.614143e-02 3.179549e-04 -3.380073e+00 -4.945652e-02 7.115356e-05 -2.672914e-02 -6.684903e-03
497            3.851953e-04 -3.405357e+00 -5.599409e-02 3.150021e-04 -3.378658e+00 -4.934768e-02 7.019313e-05 -2.669858e-02 -6.646416e-03
498            3.753496e-04 -3.404351e+00 -5.519811e-02 3.066033e-04 -3.377713e+00 -4.864684e-02 6.874630e-05 -2.663795e-02 -6.551275e-03
499            3.595474e-04 -3.403659e+00 -5.363652e-02 2.927926e-04 -3.377128e+00 -4.724627e-02 6.675480e-05 -2.653124e-02 -6.390248e-03
500            3.387846e-04 -3.403117e+00 -5.131026e-02 2.744892e-04 -3.376716e+00 -4.513287e-02 6.429545e-05 -2.640192e-02 -6.177390e-03
